1477,7388,5911,1,1
9298,11567,2269,4,1
12291,16097,3806,5,1
16209,22493,6284,4,1
22642,26538,3896,3,1
26611,43088,16477,5,1
43163,47164,4001,4,1
47223,55640,8417,3,1
675,6135,5460,1,10
6161,9810,3649,3,10
9877,16566,6689,4,10
16648,20675,4027,6,10
20769,22200,1431,3,10
366,4600,4234,3,2
4633,8066,3433,5,2
8133,9800,1667,1,2
11196,12213,1017,1,2
12672,24166,11494,3,2
24300,33800,9500,4,2
1352,8294,6942,1,3
10294,13999,3705,3,3
14058,16617,2559,4,3
16676,23500,6824,3,3
25734,50823,25089,5,3
1016,2868,1852,6,4
3672,7049,3377,1,4
8442,11967,3525,6,4
12048,14737,2689,5,4
14835,16802,1967,1,4
16851,25360,8509,5,4
25572,28687,3115,1,4
28810,37244,8434,5,4
37392,41130,3738,1,4
41508,46750,5242,6,4
46966,48917,1951,1,4
49081,52769,3688,6,4
52819,56065,3246,3,4
57131,60000,2869,3,4
629,4907,4278,1,5
4925,11074,6149,3,5
11092,17166,6074,4,5
17222,23240,6018,6,5
23351,45259,21908,5,5
45314,48870,3556,3,5
53907,58905,4998,6,5
58961,60000,1039,3,5
1733,8500,6767,1,6
8500,10633,2133,4,6
10733,14166,3433,6,6
14266,16466,2200,4,6
18360,21200,2840,6,6
21300,26520,5220,5,6
28399,35240,6841,3,6
63,5234,5171,1,7
5255,15319,10064,4,7
15509,23211,7702,5,7
24127,26361,2234,3,7
26489,37957,11468,5,7
38062,45085,7023,3,7
49085,51902,2817,6,7
52127,55468,3341,3,7
55669,59393,3724,3,7
764,26293,25529,3,8
27087,29911,2824,4,8
35117,40793,5676,5,8
40881,53760,12879,3,8
52,1631,1579,3,9
1666,7719,6053,6,9
7841,10718,2877,3,9
10789,15052,4263,6,9
15122,17175,2053,3,9
17894,18911,1017,6,9
18929,20719,1790,3,9
22526,26526,4000,5,9
27395,29658,2263,5,9
29807,51122,21315,3,9
51333,52999,1666,4,9
53087,60000,6913,3,9
2500,9100,6600,1,11
9544,14635,5091,4,11
14727,20545,5818,5,11
20636,23454,2818,1,11
23555,25944,2389,4,11
26055,36277,10222,5,11
36444,45666,9222,3,11
45861,52027,6166,5,11
52416,54880,2464,3,11
46,1609,1563,3,20
1984,9450,7466,1,20
9561,11577,2016,3,20
11624,12983,1359,4,20
13031,15828,2797,3,20
15843,17609,1766,4,20
17686,19280,1594,3,20
19390,26015,6625,5,20
26093,31625,5532,6,20
31687,34390,2703,5,20
34436,39875,5439,6,20
39968,52577,12609,5,20
52671,53874,1203,6,20
54014,57467,3453,5,20
57577,60000,2423,3,20
513,10837,10324,1,12
10935,14328,3393,5,12
14553,16978,2425,1,12
17116,19373,2257,3,12
21015,22770,1755,6,12
22812,24663,1851,3,12
24744,26729,1985,1,12
28021,32700,4679,6,12
32945,47540,14595,5,12
47675,57026,9351,6,12
162,3324,3162,1,13
3405,10891,7486,3,13
10918,17000,6082,4,13
17054,38945,21891,5,13
40405,46567,6162,3,13
46837,54349,7512,5,13
1614,3473,1859,5,14
4298,7333,3035,1,14
7472,15157,7685,5,14
15315,16666,1351,1,14
16788,30585,13797,5,14
34807,36745,1938,1,14
36925,42925,6000,6,14
45297,48525,3228,1,14
48596,52420,3824,5,14
52491,57824,5333,1,14
57850,60000,2150,5,14
233,11558,11325,1,15
11635,13103,1468,5,15
13155,15843,2688,3,15
15869,30805,14936,5,15
30883,33142,2259,6,15
33220,38648,5428,5,15
42558,44518,1960,6,15
47298,49298,2000,6,15
49597,56965,7368,5,15
57188,60000,2812,6,15
2866,9266,6400,1,16
9393,13224,3831,4,16
13295,16718,3423,1,16
16745,18295,1550,4,16
19915,22084,2169,1,16
24267,27069,2802,3,16
27295,30393,3098,3,16
30464,36225,5761,5,16
36323,42718,6395,3,16
18,2055,2037,3,17
2074,11500,9426,1,17
11592,15962,4370,4,17
16064,19527,3463,5,17
19648,20685,1037,6,17
21935,28527,6592,6,17
29629,32944,3315,6,17
34425,41722,7297,6,17
41907,44351,2444,6,17
45713,54676,8963,6,17
56962,60000,3038,1,17
60,1920,1860,1,18
2700,7000,4300,3,18
7089,11223,4134,5,18
11300,14200,2900,1,18
14268,20954,6686,5,18
22200,24180,1980,6,18
24282,40432,16150,5,18
40800,51000,10200,3,18
32,2639,2607,5,19
2672,4573,1901,1,19
4622,10573,5951,5,19
10622,12278,1656,3,19
12393,15131,2738,6,19
15196,20901,5705,5,19
21016,23458,2442,1,19
23523,26310,2787,4,19
26310,28688,2378,1,19
28860,31811,2951,5,19
31868,37195,5327,3,19
37294,41950,4656,5,19
42393,54360,11967,6,19
54475,60000,5525,5,19
130,5464,5334,5,21
5476,10666,5190,1,21
10773,13492,2719,4,21
14452,16523,2071,1,21
16678,20226,3548,4,21
21202,27014,5812,5,21
33559,38178,4619,6,21
38250,41214,2964,3,21
46392,50400,4008,5,21
50416,53153,2737,3,21
25,1233,1208,3,30
1493,8493,7000,1,30
8532,11921,3389,4,30
11999,22778,10779,6,30
23493,25129,1636,6,30
28388,30427,2039,1,30
30662,32532,1870,6,30
32610,34818,2208,1,30
35778,38051,2273,3,30
38077,40453,2376,1,30
40544,42115,1571,6,30
42167,43700,1533,3,30
43744,45760,2016,6,30
140,24980,24840,3,22
25120,27300,2180,4,22
27400,53160,25760,5,22
53400,60000,6600,3,22
166,3466,3300,3,23
3659,5127,1468,1,23
5170,9574,4404,3,23
11489,16701,5212,3,23
18446,21999,3553,1,23
23893,28084,4191,1,23
28266,31666,3400,3,23
31816,33949,2133,5,23
34233,38936,4703,1,23
39031,42095,3064,4,23
44872,50000,5128,5,23
2340,14361,12021,6,24
14489,29255,14766,5,24
29382,42063,12681,3,24
42169,44892,2723,4,24
45030,50860,5830,5,24
51807,53297,1490,3,24
53350,56541,3191,4,24
56679,58977,2298,5,24
2077,5380,3303,1,25
5402,10844,5442,3,25
10882,15544,4662,4,25
15571,18960,3389,5,25
18999,20895,1896,3,25
23246,28661,5415,1,25
28687,30207,1520,4,25
30232,34115,3883,5,25
34181,37077,2896,6,25
37155,46795,9640,5,25
48259,52869,4610,5,25
52908,54323,1415,1,25
54349,56543,2194,4,25
56569,57725,1156,1,25
57789,60000,2211,5,25
1340,7977,6637,1,26
8079,10238,2159,3,26
10261,12318,2057,4,26
12329,13613,1284,3,26
14534,16090,1556,1,26
16181,17693,1512,4,26
17727,21640,3913,3,26
92,8759,8667,3,27
8907,13314,4407,1,27
13388,17369,3981,3,27
17480,22351,4871,4,27
22433,24777,2344,6,27
25018,35333,10315,5,27
36739,38035,1296,5,27
38129,44832,6703,3,27
125,1575,1450,3,28
1800,10150,8350,1,28
10200,13675,3475,4,28
13775,15225,1450,5,28
15350,17125,1775,3,28
20375,24000,3625,1,28
24225,26450,2225,4,28
26600,27900,1300,6,28
28088,41575,13487,3,28
42725,56680,13955,6,28
1000,6351,5351,6,29
8621,13216,4595,6,29
13378,15108,1730,3,29
15216,20027,4811,6,29
20134,23404,3270,1,29
26491,27507,1016,1,29
27507,30937,3430,4,29
31031,40187,9156,5,29
40254,46400,6146,3,29
921,7421,6500,1,31
7484,8609,1125,3,31
8640,11515,2875,4,31
11561,13452,1891,1,31
14703,16046,1343,1,31
16078,24031,7953,5,31
24074,31250,7176,3,31
23,14035,14012,3,40
14070,19832,5762,1,40
19904,21571,1667,4,40
22523,23678,1155,4,40
23737,28321,4584,5,40
28392,30345,1953,3,40
30392,45308,14916,5,40
45344,47570,2226,1,40
48368,51296,2928,4,40
55225,58202,2977,4,40
58255,60000,1745,3,40
1267,8408,7141,1,32
8492,12844,4352,3,32
12901,14873,1972,4,32
14943,26640,11697,3,32
0,20250,20250,3,33
20450,28175,7725,4,33
28275,36850,8575,5,33
37050,48040,10990,3,33
88,2529,2441,6,34
2529,11705,9176,5,34
11823,13823,2000,6,34
13970,16088,2118,5,34
16205,23587,7382,3,34
23675,26057,2382,5,34
26264,50411,24147,3,34
50558,53558,3000,6,34
53750,54779,1029,3,34
54867,58661,3794,5,34
1091,4244,3153,1,35
4316,6285,1969,3,35
6356,9254,2898,1,35
9285,15652,6367,4,35
16442,19112,2670,3,35
19489,20948,1459,6,35
20978,24917,3939,5,35
24968,32897,7929,3,35
32948,35907,2959,5,35
35948,38867,2919,6,35
38917,50734,11817,5,35
50806,60000,9194,3,35
2776,8447,5671,1,36
8476,11700,3224,4,36
12170,15111,2941,2,36
15141,18082,2941,5,36
18082,22160,4078,3,36
59,3283,3224,3,37
3373,8328,4955,1,37
8462,14558,6096,3,37
15058,21073,6015,4,37
21179,25671,4492,3,37
25775,33557,7782,5,37
33731,47641,13910,3,37
189,7810,7621,3,38
7918,9918,2000,1,38
10135,19864,9729,3,38
19945,24810,4865,4,38
24917,29600,4683,3,38
27,6864,6837,6,39
6918,9486,2568,3,39
9648,11648,2000,5,39
11837,13594,1757,3,39
13607,15488,1881,5,39
15499,18369,2870,3,39
18388,20258,1870,1,39
20277,22190,1913,2,39
22240,25157,2917,1,39
25244,37277,12033,3,39
963,6079,5116,1,41
7529,12382,4853,3,41
12411,16294,3883,4,41
16294,27294,11000,5,41
27486,34280,6794,3,41
828,9812,8984,1,50
10499,14499,4000,4,50
14569,17553,2984,1,50
18350,23787,5437,1,50
23904,25310,1406,3,50
25411,27068,1657,1,50
27137,31606,4469,5,50
34988,36019,1031,3,50
37901,39323,1422,3,50
41796,43729,1933,6,50
47437,57665,10228,6,50
57796,59983,2187,5,50
3515,8921,5406,3,42
9031,12609,3578,1,42
12781,17609,4828,3,42
18576,21216,2640,4,42
21262,22434,1172,1,42
22484,43890,21406,5,42
44281,47108,2827,3,42
47218,51249,4031,5,42
51350,53631,2281,3,42
54281,60000,5719,6,42
166,6666,6500,5,43
6833,16638,9805,3,43
16786,21297,4511,1,43
21382,25701,4319,3,43
25850,29211,3361,4,43
29319,58960,29641,3,43
31,1680,1649,3,44
1755,9595,7840,6,44
9637,12190,2553,3,44
12222,13616,1394,2,44
14531,15712,1181,6,44
15807,18095,2288,1,44
18791,20621,1830,1,44
20946,23297,2351,1,44
23435,25371,1936,2,44
27414,36720,9306,3,44
718,9154,8436,1,45
9197,10295,1098,3,45
10359,13619,3260,4,45
13662,24957,11295,5,45
25689,28380,2691,5,45
28492,43400,14908,3,45
65,4081,4016,2,46
10409,16606,6197,1,46
16753,20147,3394,4,46
20212,24442,4230,1,46
24637,26456,1819,4,46
26573,33736,7163,5,46
33780,36025,2245,6,46
36025,60000,23975,3,46
20,3560,3540,3,47
4020,11520,7500,1,47
12220,15700,3480,4,47
15800,22651,6851,5,47
23276,30480,7204,6,47
30594,33658,3064,3,47
33775,42595,8820,5,47
42787,45780,2993,6,47
45890,60000,14110,5,47
42,18787,18745,3,48
18850,19956,1106,1,48
20084,23690,3606,3,48
23737,25106,1369,4,48
25165,37167,12002,3,48
37237,40285,3048,4,48
40380,42058,1678,3,48
42106,44094,1988,6,48
44166,60000,15834,3,48
181,1204,1023,3,49
1318,2527,1209,1,49
2580,8228,5648,6,49
8310,14094,5784,5,49
14134,26053,11919,3,49
26148,28526,2378,1,49
32215,37648,5433,5,49
37728,51000,13272,6,49
51148,53945,2797,3,49
54080,58567,4487,1,49
59121,60067,946,3,49
1976,9130,7154,1,51
11439,13725,2286,4,51
13773,15749,1976,1,51
15803,18005,2202,4,51
18046,20201,2155,3,51
21059,23928,2869,3,51
24058,28404,4346,5,51
29040,30964,1924,5,51
30993,34077,3084,3,51
34446,36529,2083,3,51
36618,40285,3667,5,51
40285,47720,7435,3,51
932,9013,8081,1,60
9053,15702,6649,4,60
15770,31256,15486,5,60
31337,34689,3352,3,60
34756,39743,4987,6,60
39824,55090,15266,5,60
55189,60000,4811,6,60
135,5756,5621,3,52
8648,24189,15541,3,52
24324,26216,1892,4,52
26269,59918,33649,3,52
217,3217,3000,3,53
3347,9217,5870,1,53
9347,22695,13348,3,53
22869,60000,37131,5,53
46,1343,1297,3,54
1636,7046,5410,6,54
7703,10203,2500,1,54
10265,20642,10377,5,54
20765,21937,1172,1,54
21983,25890,3907,6,54
25999,37733,11734,5,54
38953,40453,1500,1,54
41156,43468,2312,6,54
43554,46679,3125,1,54
46796,49953,3157,6,54
50006,55710,5704,3,54
55812,60015,4203,5,54
944,7694,6750,1,55
7755,9148,1393,3,55
9201,12595,3394,4,55
13968,16669,2701,1,55
16712,18457,1745,4,55
18499,20531,2032,1,55
20553,22457,1904,4,55
22510,35500,12990,5,55
35690,38180,2490,3,55
38233,39477,1244,1,55
40936,49202,8266,3,55
49255,50957,1702,6,55
50999,59957,8958,3,55
4300,10200,5900,3,56
10200,12529,2329,1,56
12646,18940,6294,4,56
19116,23910,4794,1,56
23983,25065,1082,4,56
26770,30277,3507,3,56
30327,37179,6852,1,56
37179,42933,5754,4,56
42972,44628,1656,5,56
45081,47505,2424,6,56
47508,52898,5390,5,56
52964,57440,4476,3,56
85,3489,3404,3,57
5191,10212,5021,3,57
11042,12276,1234,1,57
12446,20042,7596,5,57
20148,37202,17054,3,57
37340,55680,18340,5,57
55744,60000,4256,3,57
2000,6270,4270,1,58
6432,11162,4730,3,58
11297,19270,7973,4,58
19405,33026,13621,5,58
33215,47243,14028,3,58
47805,58720,10915,3,58
940,4880,3940,6,59
4895,6895,2000,5,59
6940,11850,4910,3,59
11939,18790,6851,5,59
18850,26089,7239,1,59
26134,31014,4880,3,59
31119,40641,9522,5,59
40716,45600,4884,3,59
1255,5744,4489,1,61
5893,14063,8170,3,61
14127,18765,4638,4,61
18893,31577,12684,6,61
37901,40942,3041,6,61
41020,46957,5937,3,61
1605,9615,8010,1,70
9740,14557,4817,4,70
14595,15778,1183,1,70
15826,22422,6596,6,70
22489,29576,7087,3,70
29643,31787,2144,6,70
34605,49163,14558,3,70
68,30954,30886,3,62
33045,36340,3295,1,62
36454,39726,3272,4,62
39795,51477,11682,5,62
51577,58120,6543,3,62
24,1407,1383,3,63
1493,3864,2371,1,63
4938,17731,12793,3,63
20098,23592,3494,3,63
23703,25703,2000,4,63
29641,35320,5679,6,63
35406,37986,2580,5,63
38109,39936,1827,3,63
40271,41542,1271,6,63
41646,44560,2914,3,63
1328,5078,3750,6,64
6531,9250,2719,6,64
9406,15671,6265,1,64
16983,18358,1375,3,64
20109,22171,2062,3,64
22257,24944,2687,4,64
24984,28093,3109,1,64
28202,36187,7985,5,64
36327,39077,2750,1,64
39140,43280,4140,4,64
43327,45468,2141,1,64
45578,50140,4562,3,64
52062,60000,7938,3,64
1436,9646,8210,1,65
9680,14254,4574,4,65
14297,17117,2820,5,65
17148,18531,1383,1,65
18584,21127,2543,4,65
22180,28468,6288,6,65
30255,34159,3904,5,65
34222,40903,6681,6,65
40956,45573,4617,3,65
46350,60000,13650,3,65
800,7440,6640,1,66
7540,14740,7200,4,66
14830,16070,1240,6,66
16180,18880,2700,1,66
18920,20640,1720,4,66
22000,23670,1670,6,66
23780,28020,4240,3,66
300,53900,53600,3,67
54300,60000,5700,1,67
0,1380,1380,3,68
2406,10780,8374,3,68
12125,24556,12431,3,68
24624,28327,3703,4,68
28420,36015,7595,5,68
36125,37875,1750,3,68
37961,49693,11732,5,68
49913,57109,7196,3,68
1405,5621,4216,6,69
7351,9240,1889,6,69
9440,11200,1760,3,69
11300,13840,2540,6,69
14300,22960,8660,5,69
23150,26670,3520,3,69
26670,30700,4030,4,69
30780,44300,13520,5,69
44380,51520,7140,3,69
4204,10750,6546,1,71
10750,14363,3613,3,71
14454,19022,4568,3,71
23159,28567,5408,3,71
28658,34727,6069,5,71
35612,38295,2683,6,71
42704,49385,6681,3,71
32,1590,1558,3,80
1688,8672,6984,1,80
8737,14721,5984,4,80
14761,20868,6107,5,80
20901,22934,2033,1,80
25770,33671,7901,5,80
35777,37843,2066,3,80
37883,39867,1984,5,80
44967,49666,4699,6,80
50618,51782,1164,6,80
51880,53519,1639,3,80
53543,54559,1016,6,80
56338,60000,3662,6,80
8522,17024,8502,3,72
17159,19181,2022,1,72
19477,23431,3954,5,72
23522,25113,1591,3,72
25192,27192,2000,1,72
33431,35476,2045,1,72
35555,39373,3818,3,72
39748,42929,3181,3,72
43053,46508,3455,1,72
46613,60000,13387,3,72
60,23040,22980,3,73
23080,28480,5400,4,73
28578,32794,4216,3,73
33068,42060,8992,5,73
42140,48560,6420,3,73
22,1056,1034,3,74
1113,2284,1171,1,74
2375,13460,11085,6,74
13534,25617,12083,3,74
25807,27467,1660,5,74
27522,32999,5477,3,74
33127,34467,1340,5,74
35261,37215,1954,5,74
37266,39380,2114,3,74
39431,40636,1205,4,74
42170,43976,1806,1,74
44044,47476,3432,3,74
47522,49011,1489,5,74
49056,59159,10103,3,74
68,5090,5022,3,75
5181,11136,5955,1,75
12659,16340,3681,4,75
18351,21283,2932,1,75
21305,22396,1091,6,75
25565,31884,6319,3,75
31939,34280,2341,6,75
34370,37484,3114,3,75
37597,44483,6886,6,75
44551,48846,4295,3,75
48982,50777,1795,6,75
50867,52072,1205,3,75
52162,60000,7838,6,75
2800,8652,5852,1,76
8826,12652,3826,4,76
12652,16043,3391,1,76
16217,16254,37,4,76
16254,24319,8065,4,76
25127,29957,4830,5,76
30052,35000,4948,3,76
100,9300,9200,3,77
9475,16750,7275,1,77
17275,21500,4225,4,77
21625,28350,6725,5,77
28475,42600,14125,3,77
29,4820,4791,3,78
6402,9432,3030,3,78
13985,29643,15658,3,78
29805,39829,10024,5,78
39895,46641,6746,3,78
54194,60000,5806,3,78
1222,4388,3166,6,79
6870,8648,1778,6,79
8722,11703,2981,3,79
11796,17999,6203,5,79
18111,24111,6000,3,79
24184,33332,9148,5,79
33444,40370,6926,1,79
40499,46185,5686,4,79
46333,52444,6111,3,79
52555,57018,4463,5,79
57074,59999,2925,3,79
42,5680,5638,5,81
5808,8021,2213,3,81
8212,11659,3447,1,81
12978,14191,1213,3,81
14191,21530,7339,4,81
21572,24019,2447,1,81
24105,32084,7979,4,81
32170,39240,7070,3,81
59,1226,1167,3,90
1263,9270,8007,1,90
9324,14518,5194,4,90
14584,27131,12547,6,90
27193,29362,2169,3,90
31582,36279,4697,3,90
37727,43406,5679,3,90
43453,48635,5182,5,90
48700,50544,1844,3,90
50609,60000,9391,5,90
260,9652,9392,3,82
9782,12782,3000,1,82
12956,24521,11565,3,82
25086,28825,3739,4,82
29043,56280,27237,5,82
0,9281,9281,3,83
9390,14281,4891,5,83
14359,15718,1359,3,83
15843,19671,3828,5,83
19765,23406,3641,1,83
23452,39900,16448,5,83
48420,55800,7380,3,83
2561,4140,1579,6,84
5578,10105,4527,6,84
10315,18140,7825,5,84
18350,22999,4649,1,84
23016,25121,2105,6,84
25175,31807,6632,5,84
33491,35701,2210,6,84
40438,45823,5385,5,84
45964,46999,1035,1,84
47403,49666,2263,1,84
49736,52490,2754,6,84
52578,55122,2544,5,84
55192,60000,4808,1,84
1215,9074,7859,1,85
9124,12590,3466,4,85
12624,14578,1954,6,85
14602,23056,8454,5,85
23101,25317,2216,1,85
25352,30625,5273,6,85
30715,34567,3852,5,85
34613,39624,5011,3,85
39658,47636,7978,5,85
47692,52885,5193,6,85
52931,59816,6885,5,85
64,6376,6312,5,86
6453,11194,4741,1,86
11298,14701,3403,2,86
19051,21441,2390,6,86
21518,22987,1469,1,86
23038,24337,1299,4,86
25883,27096,1213,4,86
27096,32012,4916,6,86
33181,41766,8585,3,86
16,4442,4426,3,87
7065,24946,17881,3,87
25064,27803,2739,4,87
27803,33884,6081,5,87
33933,40680,6747,3,87
978,2553,1575,1,88
4191,6851,2660,3,88
6914,11191,4277,1,88
11297,18829,7532,4,88
18892,27403,8511,5,88
27573,33339,5766,3,88
33424,40080,6656,5,88
1481,8246,6765,6,89
8296,10543,2247,3,89
10585,12844,2259,6,89
12888,27234,14346,5,89
27258,31382,4124,3,89
31444,34370,2926,1,89
34443,42048,7605,3,89
42098,45234,3136,4,89
45308,54440,9132,3,89
1925,5888,3963,1,91
5981,10592,4611,4,91
10740,15629,4889,6,91
16462,20721,4259,6,91
22008,24878,2870,6,91
25555,31036,5481,6,91
31313,33054,1741,5,91
33266,34859,1593,6,91
35017,49907,14890,3,91
50091,59887,9796,5,91
784,7238,6454,1,100
7276,13074,5798,4,100
13126,18148,5022,6,100
18191,26564,8373,5,100
26637,29041,2404,5,100
29148,31436,2288,3,100
34574,40931,6357,3,100
40978,51651,10673,5,100
51701,56052,4351,3,100
56126,60000,3874,6,100
111,3296,3185,3,92
3370,9444,6074,1,92
9555,12851,3296,3,92
14148,18888,4740,3,92
19777,20925,1148,1,92
21074,24000,2926,3,92
24184,27221,3037,5,92
27313,31740,4427,1,92
32444,37025,4581,3,92
37147,41122,3975,4,92
41222,43022,1800,3,92
43110,51925,8815,5,92
52073,60000,7927,3,92
791,5522,4731,3,93
5611,10522,4911,5,93
10791,17101,6310,3,93
17984,21476,3492,6,93
23656,26626,2970,6,93
27970,31417,3447,6,93
31462,32820,1358,1,93
32880,36074,3194,3,93
36178,45969,9791,6,93
46074,49716,3642,3,93
49798,51485,1687,6,93
51581,53492,1911,3,93
54902,57164,2262,3,93
57253,59932,2679,1,93
127,2170,2043,3,94
2212,5063,2851,6,94
5255,6702,1447,3,94
6808,15872,9064,5,94
15957,19808,3851,3,94
19914,23212,3298,1,94
24191,29489,5298,4,94
29563,35137,5574,3,94
35191,48957,13766,5,94
49063,60000,10937,3,94
772,8461,7689,1,95
8502,14151,5649,4,95
14238,24942,10704,5,95
26624,33010,6386,5,95
33124,38715,5591,1,95
38749,40749,2000,3,95
40817,45556,4739,4,95
45624,47772,2148,1,95
47806,60000,12194,3,95
1000,7418,6418,1,96
7485,12823,5338,4,96
12877,17364,4487,6,96
17485,22309,4824,1,96
22418,23567,1149,1,96
23607,26796,3189,4,96
26864,35012,8148,5,96
150,6950,6800,3,97
7125,13725,6600,1,97
17100,21725,4625,4,97
21725,24125,2400,2,97
24263,45000,20737,3,97
16,2524,2508,3,98
2639,8065,5426,1,98
8196,10180,1984,3,98
12967,27252,14285,6,98
27409,28835,1426,3,98
28933,33359,4426,1,98
35131,48547,13416,3,98
48884,51655,2771,5,98
51737,60000,8263,3,98
81,1594,1513,3,99
1648,5756,4108,6,99
5797,9621,3824,3,99
9662,10797,1135,6,99
10837,17445,6608,5,99
17554,21499,3945,3,99
21566,30175,8609,5,99
30296,31404,1108,3,99
31445,36782,5337,5,99
37864,45094,7230,3,99
54607,60000,5393,3,99
1617,9808,8191,1,101
9914,13531,3617,4,101
13765,29552,15787,5,101
29775,34480,4705,3,101
22,9090,9068,1,110
9272,13954,4682,4,110
13999,26044,12045,5,110
26090,36976,10886,3,110
37067,45113,8046,5,110
45169,48880,3711,3,110
40,1743,1703,3,102
1810,8716,6906,1,102
8770,12324,3554,3,102
12405,15283,2878,4,102
15337,19675,4338,5,102
20027,29400,9373,3,102
32,4934,4902,3,103
5000,9224,4224,1,103
9274,10396,1122,3,103
10442,13718,3276,1,103
13775,14805,1030,4,103
15090,18233,3143,4,103
18394,22047,3653,3,103
22091,23184,1093,1,103
23254,30892,7638,3,103
0,1010,1010,3,104
1053,5063,4010,6,104
5117,6797,1680,3,104
6829,8244,1415,6,104
8276,12393,4117,5,104
12467,15967,3500,1,104
16020,18179,2159,4,104
18244,20127,1883,5,104
21542,23392,1850,3,104
23445,27541,4096,1,104
27562,30467,2905,4,104
30520,35829,5309,5,104
35861,38202,2341,1,104
38302,40345,2043,3,104
42361,49137,6776,3,104
49180,51658,2478,5,104
52351,53478,1127,5,104
675,7432,6757,1,105
8608,12472,3864,4,105
12932,15140,2208,3,105
15229,22661,7432,5,105
22702,29242,6540,3,105
29296,35107,5811,6,105
35851,38364,2513,6,105
39411,45396,5985,3,105
46539,57387,10848,3,105
57510,59672,2162,4,105
642,9523,8881,1,106
9618,13737,4119,4,106
13797,15130,1333,1,106
15178,16464,1286,4,106
16517,23607,7090,5,106
24214,28785,4571,3,106
65,24836,24771,3,107
24870,32330,7460,5,107
32390,55060,22670,3,107
55140,60000,4860,1,107
403,22151,21748,3,108
22279,25016,2737,1,108
25087,26666,1579,3,108
26718,28034,1316,1,108
28122,31648,3526,4,108
31701,37227,5526,3,108
37350,42571,5221,5,108
42653,51789,9136,3,108
459,3653,3194,6,109
3663,14620,10957,3,109
14693,17530,2837,1,109
17581,19326,1745,3,109
19387,20704,1317,4,109
22790,24020,1230,4,109
24086,25433,1347,1,109
25540,29653,4113,3,109
29668,30939,1271,5,109
31033,36724,5691,3,109
65,4245,4180,2,111
4278,12196,7918,1,111
13360,17803,4443,4,111
17851,21605,3754,5,111
21671,23835,2164,1,111
23901,26524,2623,4,111
26565,42836,16271,5,111
43442,45640,2198,3,111
35,3285,3250,3,120
3321,6928,3607,1,120
6976,22023,15047,3,120
22166,25570,3404,4,120
25630,30297,4667,6,120
34380,44119,9739,3,120
44214,55785,11571,5,120
55880,60000,4120,3,120
68,5227,5159,3,112
9681,24113,14432,3,112
24204,33750,9546,4,112
34681,54022,19341,3,112
3699,8533,4834,3,113
8733,14033,5300,1,113
14099,21333,7234,4,113
21433,23633,2200,1,113
23783,27983,4200,4,113
29566,31429,1863,3,113
32345,52178,19833,5,113
53566,59933,6367,3,113
8,2809,2801,3,114
2922,6633,3711,6,114
6702,17761,11059,5,114
17832,19999,2167,3,114
20077,21077,1000,6,114
23392,25952,2560,6,114
26059,28819,2760,5,114
28916,31392,2476,3,114
32166,33773,1607,3,114
33832,35713,1881,6,114
35761,42320,6559,5,114
45976,51288,5312,6,114
51404,60000,8596,5,114
1193,8409,7216,1,115
8461,14406,5945,3,115
14440,17255,2815,4,115
17337,24741,7404,5,115
24785,27750,2965,3,115
27772,30179,2407,6,115
32313,36592,4279,6,115
38343,57208,18865,6,115
57274,60000,2726,5,115
37,1648,1611,3,116
2092,8759,6667,1,116
8814,18648,9834,4,116
19851,27425,7574,5,116
27471,29680,2209,3,116
58,28176,28118,3,117
28205,30705,2500,4,117
30764,40600,9836,3,117
528,8647,8119,3,118
9235,15470,6235,1,118
15529,22058,6529,4,118
22352,30352,8000,5,118
30529,60000,29471,3,118
40,1438,1398,3,119
1469,5142,3673,6,119
5213,15632,10419,5,119
15673,20724,5051,3,119
20832,24128,3296,1,119
25000,33122,8122,5,119
33259,36055,2796,1,119
37537,38958,1421,3,119
42462,52800,10338,3,119
6050,10050,4000,1,121
15600,18800,3200,5,121
19025,23500,4475,1,121
23575,28825,5250,4,121
28900,60000,31100,5,121
34,2318,2284,3,130
2352,10477,8125,1,130
10555,15544,4989,4,130
15601,25256,9655,5,130
25329,31818,6489,3,130
31897,51375,19478,5,130
51465,54487,3022,3,130
54528,57709,3181,5,130
57760,60000,2240,3,130
233,4333,4100,3,122
10166,30666,20500,3,122
33099,34833,1734,3,122
35066,39432,4366,4,122
39432,47249,7817,3,122
47465,60000,12535,5,122
500,5500,5000,3,123
5676,6794,1118,1,123
7352,11294,3942,3,123
11382,13264,1882,1,123
13294,18029,4735,3,123
18205,23000,4795,4,123
23100,39720,16620,3,123
59,2797,2738,3,124
2869,4333,1464,6,124
4369,14797,10428,5,124
14880,16034,1154,1,124
16094,19547,3453,3,124
20380,23642,3262,1,124
23737,25190,1453,5,124
25214,32987,7773,3,124
34499,38071,3572,3,124
38142,43820,5678,6,124
44559,45594,1035,1,124
45666,49761,4095,3,124
49808,52570,2762,5,124
52630,56321,3691,1,124
56428,59118,2690,5,124
30,2800,2770,3,125
2840,6390,3550,1,125
6420,12810,6390,3,125
12860,21510,8650,4,125
21560,28090,6530,5,125
28150,30280,2130,3,125
30320,33740,3420,6,125
33800,35360,1560,3,125
38170,40430,2260,3,125
40450,42930,2480,6,125
42990,51610,8620,3,125
53730,59870,6140,3,125
150,10800,10650,2,126
11300,18750,7450,1,126
18750,28600,9850,4,126
28800,57750,28950,5,126
58000,60000,2000,3,126
37,18908,18871,3,127
21070,22070,1000,3,127
22518,25221,2703,5,127
25295,26838,1543,3,127
26913,30283,3370,4,127
30406,32382,1976,6,127
33703,35419,1716,1,127
36641,42810,6169,6,127
42875,45098,2223,1,127
45171,47184,2013,4,127
47258,51011,3753,6,127
51048,60000,8952,5,127
15,39509,39494,3,128
39624,47129,7505,4,128
47259,59982,12723,3,128
81,20427,20346,3,129
20572,22064,1492,6,129
22228,25458,3230,1,129
25491,27737,2246,5,129
27949,29031,1082,1,129
30131,33639,3508,4,129
33737,38458,4721,3,129
39277,41179,1902,6,129
41639,45377,3738,1,129
45475,47278,1803,4,129
48068,51455,3387,3,129
54360,59998,5638,5,129
4803,15093,10290,3,131
18402,20225,1823,3,131
21524,23408,1884,4,131
23435,26015,2580,1,131
26060,27353,1293,4,131
27402,28894,1492,1,131
29391,30607,1216,3,131
30704,31851,1147,1,131
31878,34093,2215,4,131
34126,37073,2947,3,131
38077,43480,5403,3,131
100,1675,1575,3,140
1750,3625,1875,1,140
5043,6950,1907,1,140
6956,8086,1130,3,140
10260,14913,4653,3,140
15086,20391,5305,4,140
20466,23682,3216,3,140
24668,26618,1950,4,140
27000,36704,9704,5,140
36844,38236,1392,6,140
38290,39420,1130,3,140
40452,45257,4805,3,140
45321,47821,2500,5,140
47995,49386,1391,3,140
49483,55766,6283,5,140
55895,59265,3370,3,140
20,27486,27466,3,132
33485,40378,6893,3,132
42823,48931,6108,3,132
50702,60000,9298,3,132
2035,16444,14409,3,133
17999,23011,5012,3,133
23071,25737,2666,1,133
26951,31761,4810,3,133
31821,45082,13261,5,133
45154,57179,12025,3,133
57237,59083,1846,5,133
31,1093,1062,3,134
1125,11312,10187,5,134
12421,17921,5500,5,134
18046,20812,2766,3,134
20906,22562,1656,1,134
22687,25093,2406,6,134
26351,27945,1594,6,134
28061,30217,2156,6,134
30327,33358,3031,1,134
35530,41561,6031,3,134
41593,43374,1781,6,134
43421,44530,1109,3,134
48125,50622,2497,6,134
50718,56499,5781,3,134
56671,60000,3329,5,134
200,6000,5800,3,135
6113,8431,2318,6,135
9500,13931,4431,6,135
13977,18931,4954,5,135
20203,22203,2000,6,135
22418,24623,2205,6,135
24772,30317,5545,5,135
30454,33318,2864,3,135
39715,44909,5194,3,135
45009,56795,11786,5,135
56906,60000,3094,3,135
29,5865,5836,2,136
7492,11865,4373,1,136
11954,15805,3851,3,136
15895,22059,6164,4,136
22133,23655,1522,6,136
23767,25558,1791,3,136
27641,29148,1507,4,136
29283,43248,13965,5,136
43357,51520,8163,3,136
100,6980,6880,3,137
7700,12160,4460,3,137
13720,25000,11280,3,137
25120,29080,3960,4,137
29320,52640,23320,3,137
61,27362,27301,3,138
30431,33617,3186,3,138
33617,35863,2246,4,138
35930,58080,22150,3,138
959,2418,1459,6,139
3297,11135,7838,5,139
11256,12270,1014,1,139
12364,17161,4797,3,139
17229,20959,3730,6,139
20999,26905,5906,1,139
26958,30499,3541,4,139
30594,34958,4364,3,139
35026,36647,1621,5,139
36729,42824,6095,3,139
43099,46243,3144,2,139
46326,48407,2081,5,139
48459,51499,3040,2,139
51580,60000,8420,3,139
38,8207,8169,1,141
8272,11896,3624,4,141
11960,15042,3082,5,141
17324,19804,2480,1,141
19908,22155,2247,4,141
22246,26311,4065,5,141
26376,36441,10065,5,141
37318,45584,8266,3,141
45688,54640,8952,4,141
1295,9568,8273,1,150
9863,15272,5409,4,150
15363,16795,1432,1,150
16840,20681,3841,2,150
20748,31557,10809,6,150
31635,33795,2160,3,150
33953,38840,4887,6,150
1523,11309,9786,3,142
12000,16154,4154,1,142
16249,18428,2179,3,142
19488,26915,7427,4,142
27037,28679,1642,6,142
28808,30404,1596,1,142
30469,33535,3066,6,142
34654,37515,2861,6,142
39702,53415,13713,5,142
54119,56225,2106,3,142
56356,60000,3644,6,142
36,1942,1906,6,143
1978,4673,2695,3,143
5200,7326,2126,1,143
7351,12521,5170,5,143
12561,13831,1270,6,143
13882,15797,1915,5,143
15826,17677,1851,6,143
19042,21191,2149,1,143
21757,25294,3537,3,143
32078,33773,1695,3,143
33796,40688,6892,4,143
40709,47939,7230,5,143
47999,49403,1404,3,143
49441,52238,2797,1,143
52302,58074,5772,3,143
0,1681,1681,3,144
3113,4704,1591,1,144
4795,7227,2432,5,144
7309,9309,2000,1,144
9369,14500,5131,5,144
14594,15915,1321,1,144
15987,17582,1595,3,144
17666,20261,2595,6,144
21398,27351,5953,6,144
28547,39067,10520,6,144
43880,46582,2702,6,144
49154,50523,1369,1,144
50594,60000,9406,6,144
52,1070,1018,3,145
1140,8403,7263,1,145
8421,14403,5982,4,145
14508,21419,6911,5,145
22480,26656,4176,5,145
29279,31297,2018,1,145
31349,45472,14123,5,145
45508,47912,2404,6,145
47999,59964,11965,5,145
100,5915,5815,1,146
6042,10352,4310,4,146
10436,12732,2296,1,146
13492,17210,3718,4,146
17281,23492,6211,5,146
23563,26380,2817,1,146
26478,27943,1465,4,146
28014,29746,1732,3,146
29844,31591,1747,1,146
31704,33802,2098,4,146
35169,39120,3951,3,146
171,5453,5282,3,147
5531,8375,2844,1,147
8499,24697,16198,3,147
24812,29593,4781,4,147
29639,45875,16236,5,147
47156,55312,8156,5,147
55359,60000,4641,6,147
3157,5263,2106,3,148
5333,11456,6123,1,148
11578,16911,5333,3,148
16981,21841,4860,4,148
21894,29595,7701,5,148
29718,34245,4527,3,148
34350,60000,25650,5,148
1098,10262,9164,5,149
10311,13524,3213,1,149
13622,16425,2803,5,149
16523,22785,6262,6,149
26049,60000,33951,6,149
2407,6135,3728,1,151
6320,19797,13477,4,151
19876,23246,3370,5,151
23344,26628,3284,3,151
26706,30335,3629,5,151
31555,41400,9845,3,151
1966,9666,7700,1,160
9766,11333,1567,4,160
11366,12433,1067,1,160
12533,14633,2100,4,160
14666,15699,1033,1,160
21270,22550,1280,1,160
22605,33080,10475,5,160
33130,44110,10980,6,160
44150,46240,2090,5,160
46290,47570,1280,3,160
47635,49785,2150,1,160
49835,52395,2560,5,160
55490,56905,1415,3,160
58740,60000,1260,3,160
183,7619,7436,5,152
7802,12352,4550,3,152
16676,21561,4885,3,152
21774,30380,8606,5,152
30563,39513,8950,3,152
39675,43788,4113,1,152
45028,49433,4405,3,152
51718,58619,6901,3,152
4081,5959,1878,1,153
8296,21498,13202,5,153
21567,33458,11891,3,153
36229,39121,2892,1,153
39181,45639,6458,4,153
46605,48551,1946,3,153
48634,55431,6797,1,153
55526,59999,4473,5,153
2514,4838,2324,3,154
4889,7300,2411,6,154
7352,10844,3492,5,154
10852,13852,3000,6,154
16889,21065,4176,1,154
21095,25727,4632,4,154
25763,28116,2353,3,154
28161,31882,3721,5,154
31933,33852,1919,1,154
33867,38757,4890,5,154
38816,42837,4021,6,154
42874,44514,1640,5,154
44565,45344,779,1,154
45367,47830,2463,5,154
48911,52947,4036,1,154
940,9720,8780,1,155
9740,15300,5560,4,155
15430,18230,2800,6,155
18280,26220,7940,5,155
26860,32060,5200,5,155
34940,42770,7830,6,155
42840,56320,13480,5,155
38,2688,2650,1,156
2766,3870,1104,3,156
4740,28114,23374,3,156
28168,30116,1948,4,156
30168,40934,10766,5,156
40986,52358,11372,3,156
74,3456,3382,3,157
3494,4728,1234,1,157
4925,20430,15505,3,157
21950,26197,4247,3,157
26307,28826,2519,1,157
28913,32469,3556,3,157
32579,34135,1556,5,157
34234,37999,3765,3,157
38085,43752,5667,5,157
43802,51123,7321,3,157
51172,56501,5329,5,157
56632,60000,3368,3,157
3000,5489,2489,3,158
5595,7382,1787,1,158
7531,10829,3298,5,158
10914,14914,4000,3,158
15063,18021,2958,5,158
18234,23255,5021,3,158
23488,37360,13872,5,158
37488,39616,2128,1,158
39616,42871,3255,4,158
42967,54596,11629,5,158
54643,60000,5357,3,158
920,2240,1320,6,159
4080,7560,3480,5,159
7640,14560,6920,3,159
24120,53120,29000,3,159
53240,56900,3660,5,159
57040,60000,2960,3,159
40,1986,1946,3,161
2067,3770,1703,2,161
3783,8067,4284,1,161
8161,11877,3716,3,161
11937,15212,3275,4,161
15256,20203,4947,3,161
20220,22318,2098,4,161
22406,27698,5292,3,161
2200,7950,5750,1,170
8050,13600,5550,3,170
13650,20175,6525,4,170
20300,21750,1450,6,170
21863,34250,12387,5,170
34250,39101,4851,6,170
39264,60000,20736,3,170
49,29512,29463,3,162
29589,30819,1230,4,162
30868,60000,29132,3,162
70,17929,17859,3,163
20736,24244,3508,3,163
24323,27533,3210,4,163
27621,31112,3491,5,163
31199,43885,12686,3,163
43954,46761,2807,5,163
46875,60000,13125,3,163
106,2425,2319,3,164
4914,11914,7000,5,164
14510,17063,2553,1,164
18425,20700,2275,5,164
23675,25425,1750,3,164
27048,29409,2361,1,164
29489,30744,1255,3,164
30850,37914,7064,5,164
38025,39075,1050,3,164
39263,42913,3650,5,164
43849,47721,3872,1,164
51413,53476,2063,1,164
55787,60000,4213,3,164
35,1578,1543,3,165
1649,7175,5526,1,165
7228,12491,5263,5,165
13947,18684,4737,1,165
18710,19833,1123,3,165
19894,23420,3526,4,165
26744,30429,3685,3,165
33333,34858,1525,6,165
36298,39192,2894,3,165
39270,49576,10306,5,165
49695,53151,3456,6,165
53221,57274,4053,5,165
57361,60000,2639,3,165
47,2500,2453,3,166
2619,7821,5202,1,166
8738,10678,1940,1,166
10738,15761,5023,4,166
15809,27397,11588,5,166
27511,28725,1214,1,166
28845,31214,2369,4,166
31344,33964,2620,1,166
34107,38452,4345,3,166
38488,42452,3964,4,166
42499,54390,11891,3,166
28,4028,4000,3,167
7070,9281,2211,3,167
11535,60000,48465,3,167
92,8851,8759,3,168
10555,29103,18548,3,168
29221,37054,7833,5,168
37128,60000,22872,3,168
88,2852,2764,3,169
3000,4588,1588,6,169
4647,6588,1941,3,169
6705,9029,2324,6,169
9088,10147,1059,3,169
11176,12852,1676,5,169
13017,14239,1222,3,169
15267,19748,4481,3,169
21573,26610,5037,3,169
28351,35796,7445,6,169
35962,38259,2297,3,169
38740,40648,1908,6,169
40814,42092,1278,3,169
42166,43796,1630,6,169
43925,60000,16075,3,169
113,8649,8536,1,171
8701,13402,4701,4,171
13508,14508,1000,1,171
14631,16947,2316,4,171
17017,22174,5157,3,171
760,8169,7409,1,180
8253,9225,972,4,180
10284,12805,2521,4,180
15759,20801,5042,5,180
20836,23231,2395,3,180
24533,29479,4946,5,180
29562,32802,3240,3,180
37034,41370,4336,3,180
41392,45068,3676,5,180
45110,60000,14890,3,180
3185,8666,5481,1,172
8740,17111,8371,3,172
17333,22814,5481,4,172
23000,60000,37000,3,172
35,2595,2560,3,173
2690,5000,2310,1,173
5083,6678,1595,3,173
6714,10333,3619,1,173
13452,16559,3107,4,173
16604,20888,4284,5,173
20949,24122,3173,3,173
24195,25405,1210,5,173
25641,43474,17833,3,173
43590,58396,14806,5,173
58436,60000,1564,3,173
34,1102,1068,3,174
1170,3659,2489,6,174
4636,7318,2682,6,174
7420,11772,4352,3,174
11874,16010,4136,1,174
16045,17442,1397,3,174
17465,18931,1466,4,174
18931,21863,2932,5,174
21908,24147,2239,3,174
24170,28579,4409,5,174
28636,51320,22684,3,174
108,1662,1554,3,175
1689,9783,8094,1,175
9851,14418,4567,4,175
16053,18675,2622,5,175
18749,46160,27411,3,175
80,5580,5500,1,176
5680,7880,2200,3,176
7980,11840,3860,4,176
11960,14120,2160,6,176
15020,16760,1740,1,176
16920,19300,2380,4,176
19420,30800,11380,5,176
30940,34200,3260,3,176
74,4055,3981,3,177
4240,7314,3074,1,177
7407,8666,1259,3,177
8759,11907,3148,1,177
11962,15000,3038,3,177
15083,16120,1037,4,177
18222,54675,36453,3,177
860,9780,8920,1,178
10521,14610,4089,4,178
17608,19748,2140,3,178
19774,23417,3643,5,178
24114,28951,4837,3,178
28964,30287,1323,5,178
30317,32492,2175,3,178
32747,36520,3773,3,178
714,2673,1959,6,179
2724,4326,1602,3,179
4367,6499,2132,6,179
6969,9091,2122,3,179
12009,16784,4775,3,179
16877,18336,1459,6,179
18407,20397,1990,3,179
20417,21815,1398,6,179
21887,27275,5388,1,179
27917,32968,5051,5,179
32989,36336,3347,3,179
36397,39091,2694,1,179
39137,44816,5679,3,179
44849,48397,3548,5,179
48455,59836,11381,3,179
500,1818,1318,3,181
1897,5204,3307,1,181
5284,16386,11102,3,181
16430,20476,4046,4,181
20522,22272,1750,3,181
23419,24999,1580,3,181
25261,27431,2170,4,181
27431,30840,3409,3,181
968,5906,4938,1,190
5937,8000,2063,3,190
9937,11437,1500,4,190
12609,15382,2773,4,190
15444,23448,8004,6,190
23532,30562,7030,5,190
30601,35459,4858,6,190
36031,39328,3297,3,190
39381,41974,2593,6,190
42044,43684,1640,3,190
44700,46434,1734,3,190
50137,51481,1344,6,190
51551,60000,8449,3,190
162,4270,4108,3,182
4297,6837,2540,1,182
6918,23432,16514,3,182
23620,29323,5703,4,182
29366,30799,1433,5,182
30852,45200,14348,3,182
54,5378,5324,3,183
5513,9945,4432,1,183
12737,16770,4033,3,183
16827,17941,1114,1,183
18032,21524,3492,3,183
21589,25244,3655,1,183
25343,42884,17541,3,183
42983,47392,4409,5,183
47474,51327,3853,3,183
52237,53893,1656,3,183
54024,58229,4205,5,183
58302,60000,1698,3,183
133,1466,1333,3,184
1633,3699,2066,6,184
3866,6699,2833,3,184
6899,9366,2467,6,184
10100,12788,2688,6,184
16833,17900,1067,3,184
18266,21566,3300,6,184
21933,23900,1967,3,184
26048,30115,4067,3,184
30965,34332,3367,3,184
34532,40266,5734,6,184
42666,45999,3333,1,184
46066,49155,3089,3,184
50411,55177,4766,4,184
55255,56744,1489,5,184
56804,60000,3196,3,184
11,3740,3729,3,185
3767,5000,1233,6,185
914,2797,1883,1,186
2845,4661,1816,3,186
5238,6367,1129,3,186
6404,7950,1546,1,186
7993,38561,30568,3,186
38719,45315,6596,5,186
45403,58701,13298,3,186
35,6368,6333,3,187
7491,41120,33629,3,187
42514,44066,1552,4,187
44125,45441,1316,5,187
45705,52000,6295,3,187
14,1880,1866,3,188
1910,7358,5448,1,188
7388,10238,2850,3,188
10283,11492,1209,1,188
12402,14119,1717,4,188
14178,18865,4687,3,188
20096,34320,14224,3,188
108,1675,1567,3,189
1810,6000,4190,6,189
6108,26459,20351,3,189
26513,28621,2108,4,189
28782,31200,2418,5,189
159,4181,4022,1,191
4239,5338,1099,3,191
5394,12183,6789,4,191
12281,14647,2366,6,191
14773,18830,4057,1,191
18887,21802,2915,4,191
21900,30182,8282,5,191
30253,33394,3141,1,191
33492,36239,2747,5,191
36239,42120,5881,3,191
185,8296,8111,1,200
8351,13500,5149,4,200
13647,26795,13148,6,200
31351,34129,2778,6,200
34286,38583,4297,5,200
38721,43017,4296,1,200
43138,52907,9769,5,200
53648,55138,1490,1,200
55212,57786,2574,6,200
57897,60000,2103,5,200
159,3045,2886,3,192
6478,8394,1916,3,192
9154,15590,6436,3,192
15727,18568,2841,4,192
18681,36059,17378,3,192
36181,59662,23481,5,192
14,2208,2194,3,193
2298,9134,6836,1,193
9149,11432,2283,4,193
14223,15507,1284,4,193
15724,17216,1492,1,193
17299,18866,1567,3,193
18939,20297,1358,1,193
21119,23850,2731,5,193
24000,27887,3887,6,193
29686,33105,3419,3,193
33208,35999,2791,6,193
36103,51149,15046,5,193
51208,55880,4672,3,193
57029,58388,1359,6,193
58433,60000,1567,3,193
2409,5977,3568,5,194
6045,7068,1023,3,194
7113,11659,4546,5,194
11681,14477,2796,1,194
14613,17545,2932,5,194
18750,27727,8977,6,194
27840,34408,6568,5,194
34589,35930,1341,1,194
38840,43247,4407,1,194
43371,46167,2796,5,194
46386,53136,6750,6,194
57727,59270,1543,1,194
205,1882,1677,5,195
2117,4529,2412,1,195
4676,7411,2735,3,195
7470,17205,9735,4,195
17235,19470,2235,1,195
19544,22808,3264,4,195
22897,32456,9559,5,195
32632,35456,2824,6,195
1511,7375,5864,1,196
7442,14396,6954,4,196
14511,19408,4897,3,196
19488,32363,12875,4,196
32443,35635,3192,6,196
90,3613,3523,5,197
3772,5409,1637,3,197
5500,11613,6113,5,197
11681,25931,14250,3,197
26090,28931,2841,4,197
28949,31197,2248,1,197
31226,34535,3309,3,197
34573,54707,20134,5,197
54729,60000,5271,3,197
30,2153,2123,3,198
2173,6295,4122,1,198
6316,15208,8892,3,198
15264,19621,4357,1,198
20632,22560,1928,3,198
22591,25224,2633,4,198
25381,28587,3206,5,198
28822,32322,3500,6,198
32381,41763,9382,5,198
44617,47205,2588,1,198
47292,50616,3324,4,198
50792,60000,9208,5,198
20,2400,2380,3,199
2500,5300,2800,6,199
5380,8440,3060,5,199
8480,9700,1220,1,199
12220,13920,1700,1,199
14000,20680,6680,6,199
20850,28400,7550,5,199
28970,31070,2100,1,199
35350,44090,8740,5,199
44170,48790,4620,1,199
48850,51470,2620,5,199
51510,55490,3980,1,199
55530,60000,4470,4,199
27,5864,5837,3,361
6532,7765,1233,3,361
9189,13864,4675,3,361
13945,15246,1301,1,361
17960,18960,1000,3,361
24350,26323,1973,1,361
26404,28558,2154,3,361
30519,33791,3272,3,361
33824,35473,1649,4,361
35564,44155,8591,3,361
46,6781,6735,3,370
8953,10109,1156,3,370
12249,17453,5204,3,370
17514,21296,3782,2,370
21999,23936,1937,3,370
25865,31171,5306,3,370
31239,32984,1745,4,370
36348,37301,953,5,370
37417,39010,1593,6,370
39049,42595,3546,3,370
43680,63760,20080,3,370
200,7900,7700,3,362
8106,12106,4000,1,362
12191,13553,1362,3,362
14382,20106,5724,3,362
23659,34382,10723,3,362
35935,44382,8447,3,362
46169,64713,18544,3,362
64851,66042,1191,4,362
66126,71041,4915,3,362
71125,73338,2213,5,362
73433,92846,19413,3,362
92935,96743,3808,5,362
96850,1.2e+05,23150,3,362
20,20860,20840,3,363
20980,27460,6480,2,363
27720,41060,13340,3,363
43820,57580,13760,3,363
57660,60440,2780,4,363
60480,66180,5700,5,363
66260,78840,12580,3,363
58,17764,17706,3,364
23382,36342,12960,3,364
36764,47029,10265,4,364
47411,49470,2059,3,364
50514,88200,37686,3,364
88,8470,8382,3,365
8470,9911,1441,1,365
10000,15470,5470,3,365
15523,16523,1000,2,365
16588,19998,3410,3,365
20039,23399,3360,2,365
24639,33098,8459,3,365
33196,34393,1197,1,365
34474,38835,4361,3,365
38924,40432,1508,5,365
40522,41540,1018,3,365
42645,45613,2968,3,365
47465,48514,1049,4,365
48620,51095,2475,6,365
52111,54012,1901,6,365
54954,56856,1902,6,365
57622,58655,1033,6,365
60085,1.2e+05,59915,3,365
93,1828,1735,3,366
2046,6515,4469,1,366
6562,7562,1000,3,366
10674,11769,1095,3,366
11796,13702,1906,5,366
19359,22109,2750,3,366
23304,28710,5406,3,366
29827,31780,1953,3,366
34904,38698,3794,3,366
38871,41230,2359,5,366
41323,49360,8037,3,366
65,9081,9016,3,367
9196,13344,4148,5,367
13475,16606,3131,1,367
16704,19786,3082,3,367
19818,22557,2739,4,367
22655,25294,2639,1,367
25343,29506,4163,3,367
29573,31212,1639,2,367
31261,38458,7197,3,367
38524,42229,3705,1,367
42327,45983,3656,3,367
46491,47868,1377,3,367
47892,52564,4672,4,367
52638,54556,1918,1,367
54621,90442,35821,3,367
74,23955,23881,3,368
24066,32166,8100,2,368
36814,57733,20919,3,368
57900,62466,4566,4,368
62616,63616,1000,5,368
63799,65866,2067,3,368
66565,73520,6955,3,368
75,3725,3650,3,369
4350,6925,2575,3,369
8550,10775,2225,5,369
10875,12975,2100,3,369
13125,17025,3900,4,369
18700,21850,3150,3,369
22938,39313,16375,3,369
39613,41213,1600,5,369
41326,59101,17775,3,369
59251,61226,1975,4,369
61401,80876,19475,3,369
81026,88126,7100,5,369
88439,95864,7425,3,369
96039,1.0224e+05,6200,5,369
1.026e+05,1.1956e+05,16958,3,369
859,7824,6965,1,371
7824,9350,1526,2,371
10315,13859,3544,1,371
13920,16253,2333,4,371
16358,18551,2193,3,371
18621,20586,1965,1,371
20700,22156,1456,2,371
23367,26103,2736,1,371
26165,29288,3123,4,371
29437,30735,1298,6,371
30832,33147,2315,1,371
33279,34700,1421,4,371
35208,37226,2018,5,371
37349,41261,3912,3,371
41366,43945,2579,5,371
44015,47488,3473,3,371
47549,49304,1755,5,371
49400,54520,5120,3,371
103,2000,1897,3,380
2077,5285,3208,1,380
5324,7116,1792,3,380
7155,10090,2935,1,380
10148,15369,5221,2,380
22863,24062,1199,6,380
24105,25988,1883,3,380
26094,29367,3273,5,380
31672,34568,2896,5,380
35464,38854,3390,5,380
38934,41726,2792,1,380
48813,49908,1095,5,380
49938,52899,2961,3,380
52957,54334,1377,5,380
54431,57080,2649,3,380
57164,59619,2455,1,380
59683,64852,5169,5,380
64884,67767,2883,6,380
69397,74989,5592,3,380
76057,77433,1376,3,380
77544,83267,5723,5,380
84931,90840,5909,3,380
90969,92840,1871,6,380
92898,94326,1428,3,380
94437,96398,1961,6,380
96450,1.0436e+05,7910,3,380
80,2540,2460,3,372
2640,4540,1900,1,372
4660,5660,1000,3,372
6340,7520,1180,3,372
9820,12760,2940,4,372
12900,15800,2900,6,372
15870,20710,4840,3,372
20800,24620,3820,1,372
24660,27420,2760,2,372
27530,30210,2680,1,372
31820,36700,4880,4,372
36790,44280,7490,3,372
1133,6566,5433,1,373
6633,8766,2133,4,373
12533,15966,3433,3,373
16033,18033,2000,1,373
18133,21166,3033,3,373
21333,28533,7200,1,373
28649,32016,3367,4,373
32148,61640,29492,3,373
520,6260,5740,1,374
6320,8940,2620,4,374
9680,11480,1800,6,374
11580,19700,8120,2,374
19820,24380,4560,1,374
24730,27250,2520,4,374
27340,30840,3500,5,374
31020,48560,17540,3,374
425,7870,7445,1,375
7888,11981,4093,2,375
12037,14425,2388,1,375
14500,15119,619,4,375
16332,18380,2048,4,375
18446,21600,3154,5,375
21636,23779,2143,3,375
23844,25118,1274,6,375
26511,29333,2822,6,375
29380,35856,6476,3,375
36898,39880,2982,3,375
2360,7360,5000,1,376
7660,9780,2120,4,376
9880,16220,6340,2,376
17220,23160,5940,1,376
23220,28720,5500,4,376
28780,30280,1500,1,376
30300,41020,10720,5,376
41110,46240,5130,3,376
75,3000,2925,3,377
3150,4375,1225,1,377
4500,10600,6100,3,377
10775,14200,3425,5,377
14350,15450,1100,6,377
15575,17225,1650,3,377
18650,22375,3725,3,377
22550,25650,3100,5,377
25788,27738,1950,3,377
27876,30575,2699,1,377
33801,35426,1625,1,377
35501,38151,2650,3,377
38264,40689,2425,4,377
40789,73589,32800,3,377
76063,1.2e+05,43937,3,377
900,6540,5640,3,378
6702,7702,1000,3,378
7782,10310,2528,1,378
10376,13783,3407,3,378
13848,16037,2189,1,378
19448,28037,8589,3,378
28086,29775,1689,4,378
29828,46250,16422,3,378
46310,51189,4879,5,378
51297,60560,9263,3,378
111,6962,6851,1,379
7962,10836,2874,4,379
11179,20459,9280,2,379
20491,28049,7558,5,379
28155,85318,57163,3,379
85507,88212,2705,4,379
89211,94523,5312,3,379
94613,96104,1491,5,379
96235,1.2e+05,23765,3,379
1100,6660,5560,1,201
6720,13500,6780,2,201
13560,16760,3200,3,201
16820,19680,2860,1,201
21320,30670,9350,3,201
30780,44460,13680,5,201
44580,51220,6640,3,201
1088,4882,3794,1,210
4941,8529,3588,3,210
8647,11176,2529,4,210
11235,15088,3853,2,210
16176,22794,6618,3,210
22852,25764,2912,4,210
25911,28382,2471,3,210
28455,32014,3559,5,210
32102,35690,3588,3,210
37212,43640,6428,3,210
109,5441,5332,3,202
5532,6895,1363,1,202
6922,10493,3571,3,202
10596,26660,16064,2,202
31650,64425,32775,3,202
65425,66975,1550,5,202
67113,72838,5725,3,202
72938,78713,5775,5,202
78850,1.1965e+05,40800,3,202
135,17270,17135,3,203
17378,19324,1946,1,203
19376,21901,2525,4,203
23287,24418,1131,3,203
28754,30454,1700,1,203
30524,37600,7076,3,203
38702,40585,1883,3,203
40619,41970,1351,4,203
42580,44518,1938,3,203
44539,47387,2848,5,203
47401,62160,14759,3,203
62,1296,1234,3,204
1343,4562,3219,1,204
4593,5890,1297,3,204
5921,10671,4750,4,204
10718,12750,2032,5,204
13015,19223,6208,6,204
19267,25317,6050,3,204
25359,26406,1047,1,204
26483,30500,4017,3,204
33162,46203,13041,3,204
46342,50389,4047,4,204
50468,54171,3703,3,204
54217,61221,7004,5,204
71062,84160,13098,3,204
833,4066,3233,1,205
4200,8600,4400,3,205
8733,12033,3300,4,205
12100,17200,5100,2,205
17266,18600,1334,3,205
18733,20433,1700,1,205
20500,21533,1033,3,205
22166,23266,1100,3,205
23332,24799,1467,5,205
24881,26866,1985,6,205
26948,30160,3212,3,205
1351,6729,5378,1,206
6837,8081,1244,3,206
8135,12540,4405,2,206
14216,17351,3135,1,206
18351,19918,1567,4,206
20120,23945,3825,3,206
24065,26567,2502,4,206
28118,40061,11943,5,206
40156,48320,8164,3,206
77,3584,3507,3,207
3662,5675,2013,1,207
5727,6883,1156,3,207
7584,16623,9039,3,207
16857,24584,7727,2,207
24770,25909,1139,3,207
26544,28688,2144,1,207
29441,30960,1519,4,207
31011,32245,1234,3,207
34700,37856,3156,3,207
40207,60441,20234,3,207
189,17513,17324,3,208
19891,22972,3081,4,208
23120,30567,7447,3,208
34160,40781,6621,3,208
40861,45591,4730,4,208
45996,49131,3135,5,208
49198,58414,9216,3,208
58495,60684,2189,5,208
60791,80480,19689,3,208
63,1531,1468,3,209
1574,6021,4447,1,209
6042,7829,1787,4,209
7851,9468,1617,3,209
9489,10659,1170,1,209
10723,18191,7468,3,209
18276,20106,1830,1,209
20159,22180,2021,3,209
23541,28009,4468,3,209
28147,32594,4447,4,209
32657,38402,5745,5,209
38540,47480,8940,3,209
1275,3275,2000,1,391
3350,5298,1948,3,391
5420,7034,1614,1,391
7175,9684,2509,3,391
9736,12298,2562,4,391
12429,15535,3106,3,391
15675,23728,8053,2,391
29332,31051,1719,4,391
31165,33989,2824,1,391
34077,35323,1246,3,391
35411,38077,2666,4,391
38191,44314,6123,5,391
44401,47920,3519,3,391
63,1765,1702,3,400
1851,4255,2404,1,400
4340,6468,2128,5,400
6531,10978,4447,3,400
11243,12540,1297,1,400
13216,15013,1797,3,400
15120,17580,2460,2,400
24607,26999,2392,2,400
27066,30715,3649,4,400
31315,32329,1014,3,400
32369,35612,3243,5,400
35753,40000,4247,6,400
5800,8440,2640,3,392
8520,11160,2640,1,392
12540,13820,1280,3,392
13930,32960,19030,5,392
33060,35100,2040,3,392
35250,39470,4220,6,392
39550,41670,2120,5,392
41720,44680,2960,3,392
44780,45890,1110,1,392
46000,49260,3260,3,392
49340,53940,4600,2,392
54050,60350,6300,3,392
60470,66860,6390,2,392
69770,73050,3280,3,392
73140,82440,9300,5,392
82500,92380,9880,3,392
92490,96650,4160,5,392
96860,98220,1360,1,392
99150,1.0355e+05,4400,5,392
1.0358e+05,1.0728e+05,3700,1,392
1.0742e+05,1.1044e+05,3020,4,392
1.106e+05,1.1592e+05,5320,5,392
1.1607e+05,1.2e+05,3930,3,392
113,1250,1137,3,393
1340,5886,4546,1,393
5954,7886,1932,3,393
8000,12318,4318,4,393
12568,24500,11932,5,393
26454,28772,2318,3,393
29453,30476,1023,6,393
30612,36567,5955,5,393
38204,40817,2613,2,393
40930,42021,1091,1,393
42122,43259,1137,3,393
43383,50883,7500,1,393
50962,52553,1591,4,393
52654,56431,3777,5,393
56431,64320,7889,6,393
1081,7162,6081,1,394
7216,10756,3540,3,394
10864,13378,2514,4,394
13486,18405,4919,5,394
20459,23351,2892,6,394
23593,30836,7243,5,394
34849,38078,3229,6,394
43963,48557,4594,5,394
48651,52624,3973,6,394
52731,67052,14321,5,394
67228,70255,3027,1,394
70459,76486,6027,5,394
80701,88728,8027,5,394
92581,1.1715e+05,24570,5,394
1.1734e+05,1.2e+05,2662,3,394
631,5649,5018,1,395
5789,13491,7702,2,395
13543,15324,1781,1,395
15415,16765,1350,4,395
16850,23779,6929,5,395
23827,25957,2130,1,395
29467,30856,1389,4,395
30921,41442,10521,5,395
41558,44168,2610,3,395
44259,48233,3974,5,395
48298,51389,3091,6,395
51480,58778,7298,5,395
58843,61375,2532,1,395
61441,63610,2169,4,395
63700,76844,13144,6,395
76934,85506,8572,5,395
87583,90778,3195,5,395
90849,93200,2351,1,395
93277,1.0472e+05,11441,5,395
1.0491e+05,1.0853e+05,3623,3,395
1.0865e+05,1.1659e+05,7946,5,395
1.1673e+05,1.2e+05,3269,3,395
90,2340,2250,3,396
2500,5954,3454,1,396
6045,8795,2750,3,396
8840,12159,3319,4,396
12272,24840,12568,2,396
24953,27521,2568,1,396
28339,29612,1273,4,396
32259,37895,5636,4,396
37997,48250,10253,5,396
48405,52080,3675,3,396
0,3754,3754,3,397
3803,6081,2278,1,397
6131,8409,2278,5,397
8475,18710,10235,3,397
18829,22747,3918,2,397
22861,29189,6328,3,397
29262,31820,2558,4,397
31910,37041,5131,3,397
37089,38385,1296,2,397
38483,46663,8180,3,397
46745,49892,3147,4,397
49981,53079,3098,3,397
53278,55276,1998,5,397
55358,66160,10802,3,397
32,1065,1033,3,398
1098,5540,4442,1,398
5557,7803,2246,3,398
7868,10344,2476,1,398
10393,13524,3131,4,398
13589,19031,5442,3,398
19114,23229,4115,2,398
23327,26639,3312,1,398
26770,31704,4934,3,398
32672,36065,3393,3,398
36130,37409,1279,1,398
37967,55617,17650,3,398
55671,57015,1344,4,398
57056,65560,8504,3,398
554,5567,5013,1,399
6851,10040,3189,4,399
10086,11438,1352,6,399
11593,21175,9582,5,399
21267,24413,3146,6,399
24481,27076,2595,5,399
27095,30028,2933,6,399
30094,33108,3014,5,399
33148,35972,2824,6,399
36080,42634,6554,5,399
45512,53113,7601,6,399
54251,59666,5415,3,399
59748,64665,4917,5,399
68901,75059,6158,2,399
75189,78432,3243,3,399
78492,87851,9359,5,399
91445,97778,6333,6,399
97821,1.172e+05,19375,3,399
1.1812e+05,1.1997e+05,1851,3,399
33,13833,13800,1,211
14433,17700,3267,4,211
17833,27266,9433,5,211
31132,36599,5467,4,211
36848,42160,5312,6,211
1200,4060,2860,1,220
5200,6300,1100,1,220
8760,11140,2380,4,220
11280,17020,5740,2,220
17300,19440,2140,5,220
19560,20880,1320,1,220
21090,22470,1380,4,220
22600,24840,2240,5,220
25160,27610,2450,6,220
28480,32590,4110,5,220
32740,34520,1780,6,220
36360,40360,4000,1,220
42050,44710,2660,4,220
44810,46020,1210,3,220
47170,50490,3320,4,220
50540,57440,6900,3,220
57520,65280,7760,5,220
65390,68190,2800,4,220
68240,90280,22040,3,220
148,8382,8234,1,212
8744,9957,1213,3,212
10042,34768,24726,5,212
36956,50680,13724,5,212
50871,53233,2362,6,212
53403,54935,1532,3,212
55020,58084,3064,1,212
58286,61137,2851,5,212
61255,68574,7319,6,212
71021,74999,3978,3,212
75062,82339,7277,1,212
83063,90318,7255,4,212
90446,95063,4617,5,212
95169,1.0374e+05,8575,3,212
1.0383e+05,1.0883e+05,5000,5,212
1.0902e+05,1.1991e+05,10894,3,212
1180,7508,6328,1,213
7573,8803,1230,4,213
8852,20144,11292,2,213
20194,21295,1101,1,213
21390,26243,4853,4,213
26316,27414,1098,1,213
27479,33004,5525,4,213
33085,67619,34534,5,213
67671,68721,1050,1,213
68794,69860,1066,3,213
69941,73782,3841,5,213
73820,86992,13172,6,213
87135,1.0908e+05,21943,5,213
1.1211e+05,1.1636e+05,4246,6,213
787,4297,3510,1,214
4319,8829,4510,5,214
11276,17446,6170,2,214
19211,22360,3149,1,214
22455,26455,4000,5,214
26572,28508,1936,1,214
28636,30891,2255,4,214
31029,32880,1851,1,214
32901,34007,1106,3,214
34082,60403,26321,5,214
60530,66126,5596,3,214
66296,72232,5936,5,214
72381,76440,4059,3,214
568,8295,7727,1,215
14977,18886,3909,2,215
19033,20351,1318,3,215
20476,21930,1454,1,215
22009,24737,2728,4,215
24838,27520,2682,3,215
27644,30258,2614,5,215
30327,36428,6101,3,215
36493,37579,1086,6,215
37671,39585,1914,3,215
39646,49913,10267,5,215
50049,51345,1296,3,215
52678,58506,5828,6,215
58622,60203,1581,5,215
60282,61615,1333,6,215
61694,65238,3544,5,215
65348,66966,1618,3,215
67052,68866,1814,5,215
69148,70705,1557,6,215
70803,76300,5497,5,215
76421,83026,6605,3,215
83124,87667,4543,6,215
88074,91431,3357,6,215
91566,99966,8400,5,215
1.0031e+05,1.0859e+05,8277,3,215
1.0871e+05,1.1015e+05,1444,1,215
1.1021e+05,1.1216e+05,1946,4,215
1166,14907,13741,1,216
15647,18277,2630,3,216
18350,22628,4278,4,216
22702,27498,4796,5,216
27572,32239,4667,3,216
32303,33481,1178,5,216
33516,40683,7167,3,216
40756,46219,5463,5,216
46311,51348,5037,3,216
51449,53098,1649,5,216
53208,59840,6632,3,216
58,1588,1530,3,217
1700,5080,3380,1,217
5135,8189,3054,4,217
8256,14269,6013,5,217
14323,23945,9622,2,217
23999,25918,1919,5,217
26070,27689,1619,1,217
37566,42364,4798,5,217
42404,50549,8145,3,217
50594,55743,5149,5,217
55782,82418,26636,3,217
388,2555,2167,1,218
3518,7685,4167,1,218
7722,8729,1007,4,218
8769,9945,1176,1,218
10025,11444,1419,4,218
11511,14592,3081,2,218
14679,15990,1311,6,218
16056,20138,4082,2,218
20184,21252,1068,6,218
21305,22454,1149,2,218
28507,29762,1255,1,218
29789,31667,1878,5,218
33113,37329,4216,4,218
37389,40065,2676,2,218
40139,43909,3770,5,218
43990,48719,4729,5,218
48820,50022,1202,1,218
50103,58101,7998,5,218
58176,59324,1148,3,218
59918,60959,1041,3,218
60998,66403,5405,5,218
66422,70650,4228,3,218
70758,81650,10892,5,218
81743,93000,11257,3,218
63,1191,1128,3,219
1297,3361,2064,1,219
3404,4553,1149,3,219
4617,6404,1787,1,219
6489,8021,1532,4,219
10404,13765,3361,5,219
13808,21446,7638,2,219
22403,26212,3809,1,219
26318,28807,2489,3,219
28955,30977,2022,4,219
31040,33402,2362,1,219
37170,39317,2147,3,219
39338,47147,7809,5,219
47253,52640,5387,3,219
327,4704,4377,3,221
9622,11229,1607,3,221
11269,14163,2894,2,221
14219,17531,3312,5,221
17571,21506,3935,1,221
23185,27546,4361,6,221
27619,31471,3852,1,221
31569,33602,2033,3,221
33658,37901,4243,4,221
37936,48500,10564,5,221
50603,55937,5334,3,221
57048,61680,4632,3,221
1537,15567,14030,3,230
15656,20939,5283,1,230
21014,26074,5060,2,230
26358,27566,1208,1,230
27618,28752,1134,4,230
28865,35387,6522,5,230
35492,37970,2478,6,230
38052,39366,1314,5,230
39403,40432,1029,6,230
40493,44493,4000,5,230
44531,46501,1970,6,230
50434,54157,3723,6,230
54288,59273,4985,5,230
59430,67244,7814,6,230
67285,69211,1926,3,230
69316,71062,1746,6,230
71283,72343,1060,1,230
72391,80042,7651,6,230
81432,85565,4133,6,230
86776,88761,1985,3,230
88925,98452,9527,6,230
1.0357e+05,1.0701e+05,3441,1,230
1.0709e+05,1.0988e+05,2791,4,230
1.0999e+05,1.2e+05,10015,3,230
700,15754,15054,3,222
16614,18332,1718,3,222
18806,20560,1754,3,222
21894,23175,1281,3,222
23300,25899,2599,1,222
26082,29649,3567,5,222
31715,34148,2433,3,222
34314,36381,2067,6,222
36766,44263,7497,3,222
45210,55333,10123,3,222
55564,73621,18057,5,222
76700,79590,2890,3,222
82891,86522,3631,1,222
87118,92469,5351,4,222
92609,98732,6123,2,222
98854,1.0168e+05,2824,5,222
1.0345e+05,1.0598e+05,2533,1,222
1.0661e+05,1.1086e+05,4259,3,222
1.1097e+05,1.1434e+05,3369,5,222
1.1458e+05,1.2e+05,5422,3,222
14,1328,1314,3,223
1358,2417,1059,1,223
9925,15462,5537,4,223
18014,28439,10425,2,223
28517,34541,6024,1,223
34626,37671,3045,4,223
37723,39037,1314,5,223
39119,41194,2075,2,223
41209,42477,1268,5,223
45149,46313,1164,1,223
46462,49014,2552,3,223
50224,52328,2104,3,223
52359,58314,5955,5,223
58389,66720,8331,3,223
105,2052,1947,3,224
2087,7403,5316,1,224
7491,9684,2193,4,224
9736,15701,5965,2,224
15744,17130,1386,1,224
19095,23235,4140,3,224
23297,27016,3719,4,224
27428,32937,5509,3,224
33050,34577,1527,5,224
34681,37880,3199,3,224
659,5863,5204,1,225
5954,9272,3318,3,225
9318,11295,1977,4,225
11386,17500,6114,2,225
17636,18681,1045,3,225
18873,20090,1217,4,225
20418,22986,2568,3,225
23099,26431,3332,4,225
27280,29707,2427,5,225
32708,36680,3972,3,225
875,5175,4300,1,226
5250,11900,6650,2,226
13875,18825,4950,4,226
20375,22350,1975,1,226
22475,24700,2225,3,226
27325,28850,1525,1,226
29000,30100,1100,3,226
30166,31450,1284,4,226
31533,32544,1011,6,226
32594,37102,4508,5,226
37224,41960,4736,3,226
88,16205,16117,3,227
16337,19278,2941,2,227
19323,51513,32190,3,227
51764,55911,4147,5,227
57676,94622,36946,3,227
94940,1.1162e+05,16677,5,227
1.1179e+05,1.1576e+05,3971,6,227
1.1606e+05,1.2e+05,3942,3,227
2092,3722,1630,3,228
3740,8870,5130,1,228
9685,11500,1815,4,228
13870,15444,1574,3,228
15463,20055,4592,2,228
20139,23768,3629,5,228
23833,28888,5055,1,228
28943,32277,3334,4,228
32379,43334,10955,5,228
43458,60741,17283,6,228
62052,75473,13421,6,228
75586,78753,3167,3,228
78826,82104,3278,5,228
82178,84720,2542,3,228
1225,6100,4875,1,229
6175,9950,3775,4,229
10139,14314,4175,2,229
15925,19913,3988,6,229
20001,24325,4324,3,229
26025,29625,3600,2,229
29775,31575,1800,1,229
35800,38100,2300,4,229
38163,42438,4275,6,229
42563,44888,2325,3,229
44913,49238,4325,6,229
49338,55238,5900,5,229
55351,57451,2100,3,229
58789,61214,2425,3,229
61339,68214,6875,6,229
69625,71875,2250,3,229
72014,86664,14650,5,229
86752,91427,4675,3,229
91502,1.0185e+05,10350,5,229
1.0282e+05,1.0887e+05,6050,3,229
1.089e+05,1.1365e+05,4750,5,229
1.1374e+05,1.1557e+05,1825,1,229
1.1572e+05,1.2e+05,4284,5,229
1680,7723,6043,1,231
7765,18191,10426,2,231
18255,20531,2276,1,231
20595,22446,1851,3,231
24063,25616,1553,3,231
25765,27233,1468,1,231
27361,31403,4042,3,231
31605,36222,4617,4,231
36328,39562,3234,5,231
39721,44640,4919,3,231
1521,4042,2521,1,240
4084,5872,1788,3,240
5936,9914,3978,4,240
10000,19744,9744,2,240
21478,23010,1532,1,240
23063,24340,1277,3,240
24456,25563,1107,4,240
25615,27445,1830,1,240
31212,34170,2958,4,240
36659,37978,1319,6,240
38042,39148,1106,3,240
39215,40337,1122,6,240
40376,41444,1068,3,240
42449,51217,8768,3,240
51393,54229,2836,5,240
54581,59920,5339,3,240
58,2176,2118,3,232
2294,4088,1794,1,232
4205,9852,5647,3,232
9911,22617,12706,2,232
22764,33852,11088,3,232
38176,50120,11944,3,232
16,1049,1033,3,233
2032,6655,4623,3,233
9114,11114,2000,3,233
18508,20007,1499,1,233
20105,21728,1623,3,233
21809,24383,2574,4,233
25268,26645,1377,3,233
29111,33275,4164,3,233
33365,34889,1524,1,233
34938,37069,2131,3,233
37175,40224,3049,4,233
40313,41592,1279,3,233
42157,43616,1459,3,233
43697,44845,1148,1,233
44918,46918,2000,4,233
47049,52160,5111,3,233
46,1203,1157,3,234
1281,3125,1844,1,234
3171,4187,1016,3,234
4218,5515,1297,1,234
5546,9281,3735,3,234
9390,20378,10988,2,234
20640,23093,2453,1,234
26342,30197,3855,3,234
31765,33792,2027,5,234
33885,38800,4915,3,234
185,2518,2333,3,235
2555,4777,2222,1,235
4869,7147,2278,4,235
7222,8944,1722,1,235
9000,11796,2796,4,235
11888,14759,2871,3,235
14869,17629,2760,2,235
17703,19629,1926,3,235
21916,24398,2482,3,235
24444,26518,2074,4,235
26564,28342,1778,6,235
28481,31999,3518,5,235
32120,35823,3703,3,235
37091,47640,10549,3,235
1222,5259,4037,1,236
5370,7074,1704,3,236
7185,12703,5518,2,236
16222,17259,1037,1,236
17481,18555,1074,3,236
20555,22888,2333,4,236
23481,25074,1593,1,236
25184,32333,7149,4,236
32480,35240,2760,3,236
127,3276,3149,3,237
3319,6436,3117,1,237
7755,11414,3659,4,237
11467,18669,7202,2,237
22478,25191,2713,1,237
25260,26260,1000,3,237
27837,29273,1436,3,237
31326,32401,1075,3,237
32467,34925,2458,5,237
34989,42800,7811,3,237
50,4725,4675,3,238
4825,7100,2275,1,238
7175,10650,3475,3,238
10750,16900,6150,2,238
17000,19100,2100,4,238
19288,20288,1000,1,238
20426,21701,1275,3,238
24714,31214,6500,3,238
31275,35100,3825,4,238
35600,40080,4480,3,238
68,1272,1204,3,239
1272,5659,4387,1,239
7681,9545,1864,4,239
9545,16772,7227,2,239
17204,19318,2114,1,239
19385,22953,3568,4,239
23703,29225,5522,5,239
29316,78032,48716,3,239
78158,80635,2477,1,239
80702,83886,3184,4,239
83940,91031,7091,3,239
91178,95791,4613,5,239
95836,97222,1386,1,239
99744,1.0138e+05,1637,1,239
1.0378e+05,1.0657e+05,2796,3,239
1.0666e+05,1.0916e+05,2500,5,239
1.0931e+05,1.1038e+05,1068,3,239
1.1045e+05,1.2e+05,9554,5,239
88,1794,1706,3,241
1882,8705,6823,1,241
8823,12617,3794,2,241
14382,15705,1323,3,241
15794,17029,1235,1,241
17411,20970,3559,4,241
21103,23132,2029,1,241
23338,26514,3176,4,241
26618,29618,3000,5,241
31735,36800,5065,3,241
32,1065,1033,3,250
1098,4737,3639,1,250
4754,10540,5786,3,250
10639,17557,6918,2,250
17663,20204,2541,4,250
20302,21482,1180,1,250
21556,23261,1705,4,250
23383,30645,7262,5,250
30727,31792,1065,3,250
31873,34791,2918,6,250
34864,40078,5214,5,250
40167,49280,9113,3,250
90,2375,2285,3,242
2431,4670,2239,1,242
4704,9988,5284,3,242
11840,13442,1602,6,242
14329,16522,2193,5,242
16612,17953,1341,1,242
18010,31238,13228,2,242
31340,38737,7397,5,242
38805,43328,4523,1,242
43397,51125,7728,4,242
51170,52329,1159,3,242
52380,55925,3545,5,242
56021,60010,3989,1,242
60113,61261,1148,5,242
61317,63794,2477,4,242
63914,72227,8313,2,242
72266,73573,1307,3,242
73708,74658,950,6,242
74975,76075,1100,3,242
76175,77500,1325,6,242
77650,79675,2025,5,242
79852,81816,1964,3,242
81897,83306,1409,1,242
83334,84334,1000,3,242
84408,91310,6902,5,242
94517,1.2004e+05,25523,3,242
40,14720,14680,3,243
14800,16060,1260,1,243
17080,18680,1600,3,243
21710,22950,1240,3,243
23040,25060,2020,2,243
25120,26140,1020,3,243
26200,31380,5180,1,243
32280,35620,3340,3,243
35750,38610,2860,4,243
38990,56720,17730,3,243
15,1343,1328,3,244
1390,3765,2375,1,244
3828,6656,2828,3,244
8078,11218,3140,3,244
11280,16937,5657,2,244
17006,22006,5000,1,244
22076,23357,1281,4,244
24277,27137,2860,4,244
27871,35280,7409,3,244
150,1375,1225,3,245
1425,5200,3775,1,245
5325,6850,1525,3,245
6925,8100,1175,4,245
8175,14675,6500,2,245
14800,16725,1925,1,245
16775,20125,3350,5,245
20238,21250,1012,3,245
21376,22876,1500,1,245
22989,25364,2375,4,245
25464,37114,11650,5,245
37227,39377,2150,1,245
39515,42065,2550,6,245
42178,49753,7575,5,245
49853,76953,27100,3,245
77300,80100,2800,5,245
80363,82588,2225,6,245
83450,89440,5990,3,245
22,2204,2182,3,246
2272,5909,3637,1,246
8477,19681,11204,2,246
22886,24636,1750,1,246
25272,26317,1045,4,246
30089,34134,4045,3,246
34213,35372,1159,6,246
35485,36826,1341,1,246
36916,38598,1682,3,246
38813,42177,3364,5,246
42301,44392,2091,3,246
45912,51000,5088,3,246
25,1207,1182,3,247
1285,4142,2857,1,247
5454,8649,3195,3,247
8739,18713,9974,2,247
22298,23570,1272,3,247
23616,29623,6007,5,247
29779,32938,3159,3,247
37350,39545,2195,4,247
39635,42181,2546,1,247
42233,44857,2624,4,247
44934,46064,1130,2,247
46122,48096,1974,5,247
48181,51986,3805,1,247
52077,52882,805,4,247
52953,56732,3779,3,247
58623,62272,3649,6,247
62388,68804,6416,5,247
68856,71532,2676,3,247
71778,81752,9974,5,247
81869,83506,1637,2,247
83577,84836,1259,5,247
84888,85966,1078,2,247
86083,91896,5813,5,247
91999,95817,3818,1,247
95863,1.0041e+05,4545,4,247
1.0046e+05,1.023e+05,1844,1,247
1.024e+05,1.2004e+05,17638,3,247
35,19228,19193,3,248
19411,22499,3088,2,248
22595,25174,2579,1,248
30333,33235,2902,4,248
33284,34354,1070,5,248
34442,38372,3930,3,248
39526,63880,24354,3,248
28,1197,1169,3,249
1225,5309,4084,1,249
5352,6901,1549,3,249
9521,16654,7133,3,249
16742,20615,3873,2,249
20699,32528,11829,3,249
34240,35635,1395,3,249
35719,36803,1084,4,249
36888,42381,5493,3,249
43374,55560,12186,3,249
950,6975,6025,1,251
7100,12775,5675,2,251
15000,32550,17550,5,251
32813,40063,7250,3,251
40276,42176,1900,5,251
42314,52960,10646,3,251
957,4617,3660,1,260
4680,10404,5724,3,260
10468,16212,5744,2,260
17361,18478,1117,3,260
18594,21233,2639,4,260
22434,23455,1021,1,260
25380,31678,6298,6,260
31837,35859,4022,5,260
36050,38029,1979,3,260
38156,40986,2830,5,260
42135,44028,1893,3,260
44709,51964,7255,5,260
52112,65998,13886,3,260
66129,67236,1107,5,260
67416,72841,5425,3,260
72947,74628,1681,1,260
74734,76266,1532,4,260
77808,83120,5312,3,260
27,3459,3432,3,253
3513,8162,4649,1,253
9405,12783,3378,4,253
12810,17216,4406,3,253
17297,20513,3216,2,253
20621,24864,4243,3,253
25025,26323,1298,1,253
28606,35146,6540,3,253
37511,40781,3270,3,253
41970,56641,14671,3,253
56783,58621,1838,5,253
58675,63345,4670,3,253
63412,67899,4487,5,253
68046,75000,6954,3,253
54,1162,1108,3,254
1243,7297,6054,1,254
7432,10702,3270,4,254
10810,15351,4541,2,254
16432,20918,4486,3,254
22769,24931,2162,2,254
25025,30027,5002,3,254
30189,31243,1054,1,254
31335,34092,2757,4,254
34240,35240,1000,3,254
35375,40594,5219,1,254
40671,43509,2838,3,254
43644,44995,1351,4,254
45089,47513,2424,5,254
47642,59840,12198,3,254
953,6453,5500,1,255
6500,7500,1000,3,255
9000,10687,1687,5,255
10788,14593,3805,2,255
16420,22060,5640,2,255
22154,23419,1265,1,255
24325,26465,2140,4,255
27371,29184,1813,3,255
29378,31972,2594,5,255
32562,33671,1109,1,255
34760,40916,6156,5,255
42236,51336,9100,3,255
51497,58265,6768,5,255
58322,60665,2343,3,255
60750,66921,6171,5,255
67023,73482,6459,3,255
75291,76541,1250,3,255
76658,77845,1187,1,255
78040,80165,2125,4,255
80313,81484,1171,6,255
82687,83734,1047,3,255
83842,85046,1204,6,255
85733,90842,5109,3,255
92091,1.0936e+05,17269,3,255
1000,6756,5756,1,256
6891,13810,6919,2,256
14027,15810,1783,1,256
15972,17027,1055,4,256
17135,18513,1378,1,256
18621,22242,3621,3,256
22390,23606,1216,1,256
23714,25362,1648,3,256
25443,27416,1973,4,256
28729,35956,7227,5,256
36266,40680,4414,3,256
250,2150,1900,3,257
2275,8175,5900,1,257
8375,10850,2475,5,257
11075,13225,2150,2,257
13350,18475,5125,1,257
18625,20825,2200,3,257
20950,25525,4575,4,257
25650,33900,8250,5,257
34113,1.2e+05,85887,3,257
925,8222,7297,1,258
10147,11258,1111,3,258
14203,18833,4630,2,258
23259,25386,2127,1,258
25442,27887,2445,3,258
27951,34210,6259,4,258
34312,43360,9048,3,258
833,5333,4500,1,259
5407,7166,1759,4,259
9648,12074,2426,5,259
12222,16777,4555,5,259
16870,18722,1852,6,259
18824,26676,7852,3,259
26778,32277,5499,1,259
34777,37129,2352,4,259
37222,39203,1981,1,259
39314,50520,11206,3,259
173,3434,3261,3,261
5136,16863,11727,3,261
23272,27068,3796,2,261
27681,29522,1841,6,261
31998,33566,1568,3,261
37363,42838,5475,3,261
43030,49022,5992,4,261
49348,51211,1863,3,261
51426,52631,1205,1,261
52789,54903,2114,4,261
55198,57857,2659,5,261
57992,59424,1432,3,261
59560,60673,1113,5,261
60831,66240,5409,3,261
85,2510,2425,3,270
3319,11723,8404,3,270
12085,15255,3170,4,270
15308,16627,1319,2,270
16691,18499,1808,3,270
24127,26861,2734,1,270
26956,29616,2660,3,270
29701,32339,2638,4,270
32733,35796,3063,3,270
35955,38721,2766,5,270
38795,47880,9085,3,270
98,7147,7049,3,262
7281,8750,1469,1,262
8858,19499,10641,3,262
22796,26015,3219,2,262
26093,29312,3219,5,262
29421,32202,2781,3,262
32203,41796,9593,2,262
41843,43014,1171,3,262
43076,44498,1422,1,262
44624,48140,3516,3,262
49249,51405,2156,3,262
51484,53827,2343,1,262
53905,55327,1422,3,262
55390,57218,1828,1,262
57312,59718,2406,4,262
59749,60999,1250,1,262
61100,63444,2344,5,262
63576,68320,4744,3,262
80,12000,11920,3,263
13340,15240,1900,3,263
15360,20020,4660,4,263
20200,21940,1740,5,263
22040,25740,3700,2,263
25830,28370,2540,4,263
28580,30220,1640,6,263
30390,41290,10900,3,263
43740,58800,15060,3,263
86,12129,12043,3,264
12168,17701,5533,4,264
19895,25284,5389,2,264
26648,48987,22339,3,264
49025,51077,2052,5,264
51174,56000,4826,3,264
81,4216,4135,3,265
4324,5729,1405,1,265
5810,8891,3081,3,265
8940,15060,6120,4,265
15140,19620,4480,5,265
19710,29510,9800,2,265
29660,33020,3360,5,265
34250,36210,1960,3,265
36340,38040,1700,1,265
38120,43940,5820,3,265
44040,45540,1500,4,265
46730,50230,3500,5,265
50410,55920,5510,3,265
105,3631,3526,3,266
6280,10052,3772,3,266
12975,17800,4825,5,266
17859,27473,9614,2,266
27648,30420,2772,1,266
30464,32955,2491,2,266
33086,36156,3070,6,266
38384,40770,2386,3,266
40867,43516,2649,1,266
45937,51638,5701,4,266
51761,53673,1912,5,266
53761,59240,5479,3,266
126,2394,2268,3,267
2492,4253,1761,5,267
4281,8366,4085,3,267
8464,10351,1887,1,267
10478,14971,4493,3,267
15830,17111,1281,3,267
17168,25957,8789,2,267
27281,31352,4071,4,267
32668,46957,14289,3,267
55,20888,20833,3,268
21017,24517,3500,4,268
27888,29628,1740,6,268
30611,33035,2424,1,268
33145,37849,4704,2,268
41981,45684,3703,3,268
45758,49554,3796,1,268
49591,57459,7868,3,268
57515,61052,3537,4,268
61144,69456,8312,5,268
69531,81160,11629,3,268
51,15753,15702,3,269
15818,17077,1259,4,269
17155,22402,5247,2,269
22987,24135,1148,6,269
24259,28636,4377,3,269
28759,29993,1234,1,269
30045,52680,22635,3,269
29,1147,1118,3,271
1205,5911,4706,1,271
5970,12588,6618,2,271
15029,22588,7559,2,271
22705,25970,3265,1,271
26087,32617,6530,3,271
38294,41470,3176,1,271
41705,43617,1912,3,271
43735,47941,4206,5,271
48059,50800,2741,3,271
29,1910,1881,3,280
1970,4358,2388,1,280
4537,7477,2940,4,280
8029,11388,3359,1,280
12432,13447,1015,3,280
14902,20507,5605,2,280
28611,35611,7000,2,280
36149,37186,1037,3,280
37253,39283,2030,1,280
39716,42925,3209,3,280
43700,45029,1329,6,280
45118,47357,2239,5,280
47439,55089,7650,6,280
55286,58435,3149,3,280
58525,60241,1716,6,280
61301,64048,2747,3,280
64160,65488,1328,1,280
65593,68399,2806,3,280
68556,69974,1418,1,280
70079,72228,2149,4,280
72415,74653,2238,3,280
74811,80629,5818,5,280
81179,86200,5021,3,280
37,2888,2851,3,272
2925,5462,2537,1,272
5574,7666,2092,3,272
7722,9592,1870,1,272
9666,11518,1852,4,272
12148,17388,5240,3,272
17518,20129,2611,5,272
20277,25703,5426,3,272
25851,28591,2740,1,272
30555,32851,2296,1,272
35055,36129,1074,6,272
36314,41462,5148,5,272
41610,43388,1778,6,272
43434,45416,1982,3,272
45536,49332,3796,5,272
49425,56314,6889,3,272
56499,59036,2537,5,272
63555,67128,3573,1,272
67276,74924,7648,3,272
74980,76499,1519,4,272
76600,82674,6074,3,272
82739,87110,4371,5,272
87221,89721,2500,1,272
89814,92017,2203,3,272
94091,96665,2574,3,272
98648,1.0516e+05,6516,3,272
1.0635e+05,1.1252e+05,6167,5,272
1.1263e+05,1.1924e+05,6611,3,272
55,14259,14204,3,273
20648,24165,3517,3,273
24294,26405,2111,1,273
28358,29470,1112,3,273
29666,33914,4248,2,273
33997,35516,1519,1,273
35580,39099,3519,3,273
42274,52952,10678,3,273
53067,55437,2370,1,273
55539,60928,5389,5,273
61076,65113,4037,3,273
65233,66474,1241,1,273
66603,76240,9637,3,273
0,2135,2135,3,274
2172,4222,2050,1,274
4246,8061,3815,3,274
10123,13222,3099,3,274
14209,16987,2778,5,274
21848,22959,1111,6,274
23038,25582,2544,5,274
25715,27777,2062,5,274
27925,29037,1112,6,274
29093,37697,8604,5,274
37759,38888,1129,3,274
39011,42801,3790,5,274
42814,44863,2049,6,274
44967,54230,9263,5,274
56626,58231,1605,6,274
60014,61224,1210,3,274
61267,64489,3222,6,274
64538,67661,3123,3,274
67710,69376,1666,6,274
69425,75735,6310,3,274
75808,80678,4870,5,274
80718,82570,1852,6,274
86576,89691,3115,5,274
89760,93600,3840,3,274
95389,98217,2828,3,274
98315,1.0102e+05,2704,2,274
1.0113e+05,1.0518e+05,4050,6,274
1.1141e+05,1.1654e+05,5123,1,274
1.166e+05,1.1803e+05,1432,4,274
1.1811e+05,1.2e+05,1892,3,274
68,1227,1159,3,275
1272,3500,2228,1,275
4590,5727,1137,3,275
5840,8250,2410,1,275
10772,13204,2432,5,275
13363,27212,13849,2,275
29067,30181,1114,1,275
31771,38339,6568,5,275
38430,41657,3227,3,275
45500,51728,6228,6,275
51936,57050,5114,3,275
58590,59681,1091,3,275
59760,62896,3136,1,275
63043,64953,1910,4,275
65032,67850,2818,5,275
67952,79760,11808,3,275
133,1933,1800,3,276
1999,6666,4667,1,276
6799,8033,1234,3,276
8166,13699,5533,5,276
15233,18033,2800,1,276
18100,21266,3166,2,276
21366,24500,3134,5,276
29982,39516,9534,1,276
39699,44200,4501,3,276
45198,49132,3934,3,276
49214,52281,3067,1,276
52730,57280,4550,3,276
0,5352,5352,3,277
5588,6911,1323,1,277
7000,9941,2941,3,277
10028,11940,1912,1,277
12029,13794,1765,3,277
13852,18205,4353,4,277
18411,29411,11000,2,277
35308,40338,5030,1,277
40603,41868,1265,3,277
42044,43338,1294,4,277
43588,46059,2471,3,277
48191,50456,2265,3,277
50632,55103,4471,5,277
55206,57760,2554,3,277
55,16629,16574,3,278
16666,18629,1963,1,278
18777,19777,1000,3,278
19842,21351,1509,1,278
21406,23091,1685,3,278
23165,24294,1129,1,278
24331,33016,8685,3,278
33090,38814,5724,1,278
38851,41888,3037,4,278
42851,70833,27982,3,278
70907,75499,4592,1,278
76480,79610,3130,4,278
79721,85320,5599,3,278
22,1318,1296,3,279
2681,5318,2637,1,279
5386,7204,1818,3,279
10227,16181,5954,4,279
16204,18136,1932,6,279
18226,25431,7205,5,279
25533,30919,5386,3,279
31032,40532,9500,2,279
47065,49065,2000,1,279
49099,52030,2931,4,279
52120,76780,24660,3,279
78226,79522,1296,5,279
79703,87400,7697,3,279
176,5617,5441,1,281
5705,10323,4618,5,281
10470,18352,7882,2,281
18500,22676,4176,1,281
22780,25162,2382,4,281
26692,27898,1206,1,281
28134,29340,1206,4,281
31605,32941,1336,3,281
33032,35032,2000,4,281
35165,37147,1982,6,281
37180,38562,1382,1,281
38641,40163,1522,6,281
40246,42082,1836,1,281
42575,44396,1821,4,281
44433,46508,2075,5,281
46597,52074,5477,3,281
920,5647,4727,1,290
5681,8454,2773,4,290
8516,9681,1165,5,290
9784,16022,6238,2,290
16090,17283,1193,1,290
17305,18862,1557,3,290
18952,20736,1784,4,290
20816,21997,1181,1,290
22025,25264,3239,5,290
25309,30266,4957,6,290
32406,34195,1789,3,290
34260,38078,3818,5,290
38129,39368,1239,3,290
39447,43674,4227,6,290
43736,45761,2025,3,290
46168,47520,1352,3,290
49122,58932,9810,5,290
59011,60977,1966,6,290
61034,62045,1011,1,290
62147,70521,8374,5,290
70590,74173,3583,3,290
77751,80978,3227,6,290
81040,82177,1137,5,290
82205,87844,5639,6,290
87927,90968,3041,5,290
91454,92589,1135,1,290
92640,96220,3580,5,290
96443,98004,1561,1,290
98111,1.0245e+05,4341,5,290
1.025e+05,1.037e+05,1193,3,290
1.0379e+05,1.0607e+05,2284,5,290
1.0613e+05,1.0896e+05,2829,3,290
1.0904e+05,1.1241e+05,3375,5,290
1.1243e+05,1.1751e+05,5078,3,290
148,12610,12462,3,282
12687,17233,4546,5,282
17467,20142,2675,6,282
20207,25519,5312,2,282
29908,33259,3351,1,282
33349,34206,857,3,282
34238,37342,3104,4,282
37376,40207,2831,1,282
40245,41375,1130,3,282
41428,45103,3675,4,282
45167,80788,35621,3,282
80856,88506,7650,5,282
88583,94726,6143,3,282
94842,1.0021e+05,5368,6,282
1.0023e+05,1.1016e+05,9928,5,282
1.1027e+05,1.1454e+05,4272,6,282
1.146e+05,1.2e+05,5404,5,282
42,1595,1553,3,283
1638,5468,3830,1,283
5542,8192,2650,4,283
8263,11122,2859,3,283
15070,21473,6403,2,283
23614,27381,3767,1,283
27523,28734,1211,5,283
28874,30435,1561,2,283
30558,35417,4859,4,283
36031,38855,2824,3,283
38943,49842,10899,5,283
49911,55630,5719,3,283
2294,5058,2764,1,284
7324,10580,3256,4,284
10621,13621,3000,2,284
13695,19891,6196,6,284
19964,21113,1149,3,284
22531,28456,5925,6,284
28553,32202,3649,5,284
32259,34594,2335,3,284
34644,35657,1013,6,284
35710,43067,7357,5,284
44027,47673,3646,5,284
48121,50262,2141,6,284
50383,54302,3919,3,284
54389,56727,2338,1,284
58253,62470,4217,1,284
63151,65972,2821,4,284
66042,67150,1108,3,284
67197,68427,1230,5,284
68913,70602,1689,1,284
70669,72202,1533,4,284
73425,87440,14015,3,284
636,5613,4977,1,285
5818,7886,2068,3,285
7954,9363,1409,4,285
9431,10681,1250,5,285
10772,17227,6455,2,285
17954,23169,5215,3,285
23350,26236,2886,4,285
26395,29200,2805,6,285
760,5220,4460,1,286
5320,8340,3020,4,286
8440,22390,13950,2,286
22400,23660,1260,4,286
25280,26720,1440,1,286
26850,33310,6460,4,286
33430,37630,4200,5,286
39190,41290,2100,6,286
41390,47190,5800,5,286
49005,52200,3195,6,286
1486,3256,1770,3,287
3317,4884,1567,1,287
4911,10189,5278,3,287
11707,16645,4938,5,287
18619,23088,4469,2,287
23167,24424,1257,6,287
26052,27521,1469,3,287
28061,29893,1832,1,287
30016,36052,6036,5,287
36168,37221,1053,6,287
37929,43247,5318,3,287
43300,45849,2549,1,287
45946,48857,2911,3,287
48954,52618,3664,5,287
52689,59468,6779,3,287
59504,60539,1035,6,287
60654,63318,2664,3,287
64658,75033,10375,3,287
79761,93508,13747,3,287
93737,97032,3295,5,287
97131,1.0443e+05,7295,3,287
1.0641e+05,1.1103e+05,4623,1,287
1.1111e+05,1.1987e+05,8763,3,287
941,4147,3206,1,288
4205,7705,3500,3,288
9558,12294,2736,6,288
14441,19911,5470,2,288
20029,25294,5265,1,288
25353,27647,2294,4,288
27692,28780,1088,3,288
28898,30222,1324,1,288
30310,32869,2559,5,288
32957,34692,1735,3,288
34869,41088,6219,5,288
43722,50751,7029,3,288
50928,55369,4441,5,288
55575,68978,13403,3,288
69203,73280,4077,5,288
689,4554,3865,1,289
4932,10175,5243,4,289
10202,13348,3146,5,289
13390,15998,2608,6,289
16066,23280,7214,2,289
27458,32161,4703,1,289
32235,35600,3365,4,289
35654,37073,1419,6,289
39046,45340,6294,6,289
45408,51421,6013,5,289
51475,69368,17893,6,289
150,3625,3475,3,291
3700,8975,5275,1,291
9150,13300,4150,2,291
20725,29675,8950,3,291
29838,32738,2900,1,291
32901,36601,3700,3,291
40514,43275,2761,4,291
43339,56364,13025,5,291
59264,62200,2936,3,291
100,4150,4050,3,300
4189,5260,1071,1,300
5309,7607,2298,3,300
8059,10619,2560,3,300
11583,12762,1179,3,300
15845,17535,1690,3,300
17659,20595,2936,2,300
23630,24915,1285,3,300
25028,26183,1155,2,300
26278,28861,2583,1,300
28897,31444,2547,3,300
31557,33236,1679,4,300
33331,35920,2589,3,300
200,17850,17650,3,292
17950,20925,2975,1,292
21050,27300,6250,4,292
27825,31000,3175,3,292
31125,37550,6425,5,292
38025,44400,6375,3,292
44450,48100,3650,6,292
55575,58825,3250,2,292
58963,60838,1875,1,292
60925,64575,3650,3,292
64725,68075,3350,4,292
68275,78300,10025,5,292
78500,95025,16525,3,292
1.0155e+05,1.1038e+05,8825,3,292
1.107e+05,1.129e+05,2200,5,292
1.1301e+05,1.2e+05,6987,3,292
181,17454,17273,3,293
17522,24295,6773,2,293
26033,27351,1318,3,293
27476,28612,1136,6,293
28646,29919,1273,1,293
30043,32316,2273,3,293
32485,35886,3401,2,293
35996,55489,19493,3,293
57412,69675,12263,3,293
69736,70940,1204,5,293
71031,75303,4272,3,293
76863,78706,1843,3,293
79136,88886,9750,5,293
89022,1.1089e+05,21871,3,293
1.11e+05,1.1466e+05,3659,4,293
1.1475e+05,1.2e+05,5252,6,293
90,1204,1114,3,294
1250,11386,10136,5,294
11431,13386,1955,3,294
13477,14500,1023,6,294
14635,16476,1841,1,294
16589,21975,5386,4,294
27134,30997,3863,6,294
31167,34190,3023,5,294
34280,39598,5318,6,294
39677,42677,3000,5,294
43120,44302,1182,1,294
44358,47063,2705,3,294
47130,48971,1841,6,294
49084,56038,6954,5,294
57072,59776,2704,3,294
59889,70629,10740,5,294
70770,75111,4341,2,294
79542,81701,2159,5,294
81768,85681,3913,3,294
87551,1.0112e+05,13566,5,294
1.0119e+05,1.0221e+05,1023,6,294
1.0234e+05,1.0377e+05,1428,3,294
1.0382e+05,1.0539e+05,1569,5,294
1.0616e+05,1.1443e+05,8272,5,294
1.1469e+05,1.1643e+05,1738,3,294
1.1837e+05,1.2e+05,1626,3,294
100,16631,16531,3,295
16876,25297,8421,2,295
27525,32297,4772,3,295
35402,38192,2790,3,295
38315,42999,4684,4,295
43140,69375,26235,5,295
69526,71070,1544,6,295
71149,76517,5368,5,295
76561,82754,6193,3,295
84332,86666,2334,3,295
86771,98454,11683,5,295
99543,1.0589e+05,6351,3,295
1.0602e+05,1.1589e+05,9872,5,295
1.1605e+05,1.1882e+05,2771,6,295
53,1712,1659,3,296
1755,6510,4755,1,296
6542,8010,1468,3,296
8031,13084,5053,2,296
19988,22201,2213,1,296
22270,28726,6456,4,296
30765,32856,2091,6,296
33818,36907,3089,1,296
36992,38784,1792,3,296
38856,40362,1506,4,296
40421,45860,5439,5,296
45926,49237,3311,3,296
49302,55190,5888,5,296
55305,57382,2077,3,296
57518,62921,5403,5,296
63018,64745,1727,6,296
64823,67400,2577,3,296
225,9700,9475,3,297
9900,13633,3733,1,297
13731,18703,4972,4,297
18802,32959,14157,3,297
34042,36338,2296,6,297
37802,46041,8239,3,297
48266,49872,1606,3,297
49907,51499,1592,2,297
51597,56612,5015,3,297
57661,69257,11596,3,297
69351,76422,7071,1,297
76535,80281,3746,4,297
80337,84196,3859,3,297
84295,89393,5098,5,297
89520,95478,5958,3,297
95563,1.0223e+05,6662,5,297
1.0231e+05,1.0635e+05,4043,3,297
1.0641e+05,1.1479e+05,8380,5,297
1.1489e+05,1.1957e+05,4683,3,297
60,3060,3000,3,298
3140,5760,2620,1,298
9320,15440,6120,2,298
15580,17740,2160,1,298
18880,21780,2900,5,298
22000,32310,10310,3,298
32430,34390,1960,2,298
34480,37740,3260,3,298
37920,43620,5700,5,298
43760,44900,1140,3,298
50400,1.01e+05,50600,3,298
1.0238e+05,1.0518e+05,2800,3,298
1.053e+05,1.1169e+05,6390,5,298
1.1183e+05,1.1764e+05,5810,3,298
0,1100,1100,3,299
1250,5300,4050,1,299
5375,6400,1025,3,299
6500,12700,6200,4,299
14900,16425,1525,6,299
16500,23700,7200,5,299
23775,24900,1125,6,299
25050,28575,3525,3,299
28700,32850,4150,6,299
37050,38763,1713,6,299
38951,43276,4325,3,299
44576,46601,2025,6,299
46975,49800,2825,3,299
49939,51364,1425,6,299
51764,56064,4300,3,299
56152,59627,3475,5,299
60627,62902,2275,5,299
63427,66652,3225,3,299
66727,71950,5223,2,299
72475,78215,5740,6,299
78390,84740,6350,2,299
85653,87703,2050,3,299
87891,91041,3150,4,299
91144,1.0073e+05,9582,3,299
1.0079e+05,1.0348e+05,2687,1,299
1.0357e+05,1.0584e+05,2268,3,299
1.0593e+05,1.1067e+05,4746,4,299
1.1075e+05,1.1278e+05,2030,3,299
1.1288e+05,1.2e+05,7119,5,299
347,3521,3174,3,301
3695,4826,1131,1,301
5043,13347,8304,3,301
13565,18521,4956,2,301
23260,29260,6000,3,301
29391,32956,3565,1,301
33064,35630,2566,4,301
36369,39934,3565,4,301
40347,46640,6293,3,301
111,2481,2370,3,310
2555,7944,5389,1,310
8055,9074,1019,3,310
9166,10370,1204,4,310
10425,15092,4667,2,310
15156,17304,2148,1,310
18073,20684,2611,4,310
21498,23887,2389,6,310
24240,27887,3647,3,310
29738,31942,2204,3,310
32238,35590,3352,5,310
35814,40442,4628,3,310
42425,48222,5797,3,310
48480,50462,1982,5,310
50647,51795,1148,3,310
51971,55138,3167,5,310
55341,63680,8339,3,310
1520,2653,1133,3,302
2683,5561,2878,1,302
5591,9071,3480,3,302
9938,11183,1245,3,302
12402,31421,19019,3,302
32425,68566,36141,3,302
69720,75540,5820,3,302
75687,77048,1361,5,302
77195,1.2e+05,42805,3,302
100,4350,4250,3,303
4475,8888,4413,1,303
8925,10061,1136,3,303
10104,11703,1599,4,303
12628,16110,3482,3,303
16165,17350,1185,1,303
17393,25750,8357,3,303
28060,30011,1951,3,303
30041,32350,2309,5,303
32411,34411,2000,3,303
37158,51280,14122,3,303
80,1100,1020,3,304
1140,4840,3700,1,304
5160,8180,3020,3,304
8360,12460,4100,2,304
16980,20440,3460,1,304
20510,21610,1100,3,304
21650,24290,2640,4,304
24760,40360,15600,3,304
659,5113,4454,1,305
5272,8386,3114,3,305
8431,10204,1773,4,305
10295,21500,11205,2,305
23453,26976,3523,4,305
27043,29750,2707,5,305
29863,31090,1227,6,305
31234,33462,2228,3,305
33541,39404,5863,6,305
39528,44869,5341,5,305
45073,74800,29727,3,305
113,4159,4046,3,306
4227,9181,4954,1,306
9204,15113,5909,2,306
15204,18181,2977,1,306
18339,19430,1091,3,306
20963,26599,5636,5,306
26746,31720,4974,3,306
300,6333,6033,3,307
6400,10333,3933,1,307
10466,14766,4300,3,307
17466,22700,5234,3,307
22866,24066,1200,1,307
24149,97035,72886,3,307
97133,99384,2251,5,307
99574,1.2e+05,20426,3,307
125,4600,4475,3,308
4675,8925,4250,1,308
9025,10825,1800,3,308
10900,11975,1075,4,308
12725,15450,2725,2,308
16850,19325,2475,3,308
27772,32255,4483,3,308
32728,33885,1157,3,308
34427,35758,1331,3,308
35785,37240,1455,4,308
37267,53413,16146,3,308
53446,54787,1341,5,308
54813,58196,3383,3,308
59696,61015,1319,5,308
61073,76320,15247,3,308
50,2600,2550,3,309
2675,7250,4575,1,309
7750,11650,3900,4,309
11850,15725,3875,2,309
17925,28975,11050,3,309
29075,30800,1725,5,309
30900,44450,13550,3,309
1150,5050,3900,1,311
5150,6900,1750,5,311
7100,9800,2700,1,311
9900,21400,11500,2,311
26450,29400,2950,1,311
29625,32875,3250,4,311
33050,49450,16400,5,311
650,5450,4800,1,320
5589,7179,1590,3,320
7278,9360,2082,4,320
9475,15016,5541,2,320
16671,17736,1065,3,320
17769,20409,2640,1,320
22311,24276,1965,1,320
24590,27228,2638,3,320
27278,30819,3541,4,320
30933,37310,6377,3,320
37408,38916,1508,6,320
39006,40465,1459,1,320
40530,45808,5278,3,320
45931,53801,7870,5,320
53874,58200,4326,3,320
1100,1.2e+05,1.189e+05,3,312
1278,4295,3017,3,313
4327,10786,6459,1,313
12949,16506,3557,2,313
18095,22128,4033,1,313
22184,24840,2656,4,313
24913,33786,8873,5,313
33882,38670,4788,3,313
38762,43188,4426,5,313
46163,51292,5129,6,313
51377,55650,4273,3,313
57947,75934,17987,3,313
857,5654,4797,1,314
5678,10559,4881,4,314
10594,12344,1750,6,314
14047,19618,5571,6,314
21957,25344,3387,6,314
26728,27930,1202,6,314
28062,29966,1904,3,314
32080,36480,4400,6,314
37024,38286,1262,3,314
38364,40773,2409,6,314
40858,65385,24527,3,314
71867,79182,7315,3,314
79287,81410,2123,4,314
81462,88673,7211,3,314
88725,93321,4596,2,314
93418,99190,5772,5,314
99278,1.065e+05,7222,3,314
1.0656e+05,1.0841e+05,1843,4,314
1.0853e+05,1.1172e+05,3193,3,314
1.1185e+05,1.2e+05,8147,5,314
58,1235,1177,3,315
1323,7901,6578,1,315
9753,15081,5328,2,315
16425,19474,3049,1,315
19540,22754,3214,4,315
22868,33442,10574,5,315
33508,41606,8098,6,315
44393,54278,9885,5,315
54606,57131,2525,3,315
57475,63540,6065,5,315
65999,77130,11131,3,315
1200,6466,5266,1,316
6499,16833,10334,2,316
16966,19466,2500,1,316
19600,24266,4666,4,316
24416,26766,2350,5,316
27049,29449,2400,1,316
29632,33165,3533,4,316
33414,37147,3733,5,316
37330,39663,2333,1,316
39812,41212,1400,4,316
41462,50466,9004,5,316
50627,55880,5253,3,316
0,6714,6714,3,317
9142,10785,1643,3,317
14571,15872,1301,3,317
16042,19297,3255,2,317
20357,87142,66785,3,317
87642,89785,2143,4,317
90320,96285,5965,3,317
98785,1.1684e+05,18055,3,317
11,3857,3846,3,318
3904,6892,2988,1,318
6916,10404,3488,3,318
10464,14845,4381,2,318
17077,19785,2708,1,318
19818,25227,5409,3,318
25255,27695,2440,4,318
27731,30767,3036,6,318
31773,39230,7457,3,318
39332,40380,1048,5,318
40446,43755,3309,3,318
43821,51535,7714,5,318
2106,5123,3017,1,319
5185,9907,4722,4,319
10913,25392,14479,5,319
25911,28814,2903,3,319
28875,31636,2761,6,319
32300,33539,1239,3,319
33570,35955,2385,6,319
36835,43874,7039,2,319
45016,49901,4885,1,319
49950,54769,4819,4,319
54852,60540,5688,5,319
60606,64754,4148,3,319
64802,66179,1377,5,319
66294,69425,3131,3,319
69508,73344,3836,5,319
73458,82147,8689,3,319
120,7080,6960,3,321
7160,10180,3020,1,321
10260,21400,11140,3,321
21560,35140,13580,2,321
35220,39500,4280,1,321
39620,44400,4780,4,321
44500,46440,1940,3,321
48210,49510,1300,6,321
49630,51370,1740,1,321
52340,53830,1490,4,321
53915,70720,16805,3,321
14,1732,1718,3,330
1788,6507,4719,1,330
9281,10379,1098,3,330
10422,11619,1197,5,330
11696,18060,6364,2,330
20732,24154,3422,3,330
24211,25478,1267,4,330
25569,26879,1310,2,330
27006,29400,2394,1,330
30112,32379,2267,4,330
32492,38855,6363,5,330
38956,42605,3649,3,330
43211,45041,1830,6,330
45168,50224,5056,5,330
50280,51844,1564,3,330
52844,54435,1591,3,330
54506,57351,2845,6,330
59816,62014,2198,3,330
62148,63965,1817,6,330
64021,66134,2113,5,330
66239,67788,1549,3,330
67851,69527,1676,6,330
69985,76650,6665,3,330
76759,80421,3662,5,330
80478,88562,8084,3,330
88633,91760,3127,5,330
91865,96577,4712,6,330
96859,1.0033e+05,3471,3,330
1.0046e+05,1.0671e+05,6257,5,330
1.0683e+05,1.1073e+05,3901,6,330
1.1086e+05,1.1249e+05,1633,3,330
1.1266e+05,1.154e+05,2746,6,330
1.1547e+05,1.1887e+05,3401,5,330
185,6868,6683,3,322
6917,9868,2951,1,322
9950,13983,4033,3,322
14064,20326,6262,5,322
20408,27900,7492,3,322
27949,30343,2394,1,322
30393,34589,4196,2,322
34696,39400,4704,1,322
39482,41089,1607,3,322
41178,44129,2951,4,322
44202,47366,3164,3,322
47480,52530,5050,5,322
52636,59555,6919,3,322
59638,63327,3689,5,322
63457,70393,6936,3,322
21,12744,12723,3,323
12829,15744,2915,1,323
15850,16871,1021,3,323
16999,19510,2511,2,323
19605,23668,4063,1,323
23753,26795,3042,2,323
26893,30425,3532,5,323
30497,32923,2426,2,323
33018,40040,7022,1,323
42369,44837,2468,4,323
46638,47787,1149,6,323
51297,58148,6851,3,323
59340,61160,1820,3,323
92,2185,2093,3,324
2222,8370,6148,1,324
8388,10314,1926,4,324
10370,11462,1092,6,324
11555,15518,3963,5,324
15518,16518,1000,6,324
16564,17805,1241,3,324
18823,20990,2167,3,324
21082,23693,2611,5,324
23748,27656,3908,3,324
27748,31471,3723,5,324
31637,33526,1889,2,324
33609,35442,1833,5,324
38923,44592,5669,3,324
44738,47182,2444,5,324
47247,58761,11514,3,324
60232,64611,4379,1,324
64667,66482,1815,2,324
69083,72231,3148,3,324
72389,75259,2870,4,324
75352,77019,1667,5,324
77083,85200,8117,3,324
75,2700,2625,3,325
2800,10500,7700,1,325
10675,11875,1200,4,325
11950,15625,3675,2,325
15700,18175,2475,5,325
18250,25375,7125,2,325
26400,28125,1725,1,325
28200,30825,2625,3,325
30950,32000,1050,1,325
32163,33888,1725,3,325
33938,37088,3150,4,325
37151,40826,3675,3,325
40976,43551,2575,5,325
43701,45026,1325,3,325
45201,46426,1225,1,325
46639,51089,4450,3,325
51302,52952,1650,6,325
59350,60840,1490,3,325
21,1851,1830,3,326
1914,5978,4064,1,326
6000,7702,1702,3,326
7765,9744,1979,1,326
9765,20085,10320,2,326
20212,23021,2809,5,326
24872,30754,5882,1,326
30850,33872,3022,4,326
35180,39882,4702,3,326
40010,42222,2212,5,326
42339,43595,1256,3,326
44702,51085,6383,3,326
52392,57920,5528,3,326
86,4740,4654,3,327
4802,8098,3296,1,327
8123,11074,2951,3,327
12790,15628,2838,3,327
15739,18406,2667,2,327
18460,19732,1272,3,327
22410,27495,5085,3,327
27554,30122,2568,1,327
30165,31510,1345,3,327
34947,38564,3617,2,327
43590,45331,1741,4,327
45367,48182,2815,3,327
48224,52866,4642,1,327
52921,55440,2519,4,327
55482,64680,9198,3,327
37,3185,3148,3,328
3259,7185,3926,1,328
9703,12444,2741,3,328
15037,16074,1037,1,328
16120,18787,2667,2,328
20055,28499,8444,1,328
28583,31805,3222,3,328
31870,33166,1296,4,328
33231,47240,14009,3,328
12,2077,2065,3,329
2116,5623,3507,1,329
5649,7753,2104,3,329
7805,10285,2480,4,329
10337,12948,2611,2,329
13006,15460,2454,4,329
18188,19317,1129,1,329
19356,20460,1104,3,329
20551,22083,1532,5,329
22791,23882,1091,3,329
23940,29096,5156,6,329
29148,30693,1545,3,329
30758,35407,4649,6,329
35452,36764,1312,5,329
38205,41855,3650,3,329
41894,46894,5000,1,329
46959,50933,3974,3,329
50979,55823,4844,2,329
55888,56979,1091,1,329
57050,59141,2091,3,329
59218,61790,2572,4,329
61822,69377,7555,5,329
69450,73103,3653,3,329
73153,76945,3792,5,329
77880,85486,7606,5,329
85599,93434,7835,3,329
93536,98197,4661,5,329
98314,1.0912e+05,10806,3,329
22,1931,1909,3,331
1977,5363,3386,1,331
5409,11340,5931,3,331
11431,25840,14409,2,331
26032,27828,1796,1,331
31600,33986,2386,1,331
34099,35463,1364,3,331
35610,37042,1432,4,331
37155,39519,2364,1,331
43257,45189,1932,3,331
46098,54363,8265,5,331
54438,58400,3962,3,331
971,6816,5845,1,340
7394,12957,5563,5,340
13071,17987,4916,2,340
18224,19224,1000,6,340
20196,22731,2535,3,340
22865,28329,5464,2,340
28984,30252,1268,3,340
30492,32752,2260,1,340
33470,37273,3803,3,340
38829,41463,2634,4,340
41576,50442,8866,3,340
50548,59182,8634,5,340
59436,62492,3056,3,340
62583,66541,3958,5,340
66619,72901,6282,3,340
72985,84996,12011,5,340
86407,91393,4986,3,340
91456,97517,6061,5,340
97590,1.0315e+05,5564,3,340
1.0399e+05,1.0786e+05,3872,3,340
1.0787e+05,1.0925e+05,1380,6,340
1.094e+05,1.1216e+05,2761,5,340
1.1228e+05,1.1372e+05,1437,6,340
1.1439e+05,1.1568e+05,1296,6,340
1.1582e+05,1.19e+05,3183,3,340
63,3148,3085,3,332
3234,5765,2531,1,332
6404,12170,5766,3,332
12276,14106,1830,1,332
14180,18329,4149,3,332
19540,21689,2149,5,332
21775,22796,1021,3,332
22878,24783,1905,1,332
24891,28121,3230,5,332
28256,29486,1230,6,332
29526,31620,2094,5,332
31702,32875,1173,6,332
34418,37080,2662,2,332
37080,42094,5014,3,332
42140,43505,1365,2,332
44945,48112,3167,1,332
48193,51666,3473,3,332
51746,54719,2973,4,332
54806,56306,1500,3,332
56387,58022,1635,1,332
58075,63535,5460,3,332
64284,79245,14961,3,332
80458,81661,1203,3,332
83187,85754,2567,3,332
85787,86878,1091,5,332
86908,1.1229e+05,25385,3,332
1.1236e+05,1.1376e+05,1392,5,332
1.1382e+05,1.1985e+05,6027,3,332
58,4117,4059,3,333
4205,5823,1618,1,333
5882,33235,27353,3,333
36940,41499,4559,3,333
41676,48793,7117,5,333
49500,62117,12617,3,333
66823,73835,7012,3,333
75535,80771,5236,3,333
82256,83786,1530,1,333
83977,1.0573e+05,21756,3,333
1.068e+05,1.2e+05,13203,3,333
45,2068,2023,3,334
2136,5522,3386,1,334
5633,23182,17549,3,334
23210,24971,1761,1,334
29815,35632,5817,3,334
36251,39026,2775,2,334
39096,48112,9016,3,334
49365,61133,11768,3,334
62492,87295,24803,3,334
87351,90858,3507,5,334
90956,97720,6764,3,334
35,1385,1350,3,335
1456,2666,1210,1,335
2719,4385,1666,3,335
4473,6631,2158,1,335
6719,12649,5930,3,335
18315,24815,6500,2,335
25122,28859,3737,1,335
28973,34710,5737,3,335
34771,35859,1088,4,335
35903,43640,7737,3,335
44411,50003,5592,3,335
50304,61606,11302,5,335
61718,65104,3386,3,335
66069,67122,1053,5,335
67183,70955,3772,3,335
71090,73965,2875,5,335
74010,75703,1693,3,335
75816,81209,5393,5,335
81256,88499,7243,3,335
88692,96135,7443,5,335
96193,99749,3556,3,335
99840,1.0231e+05,2466,5,335
1.0286e+05,1.081e+05,5238,3,335
1.0818e+05,1.094e+05,1216,5,335
1.0953e+05,1.1372e+05,4182,3,335
1.1395e+05,1.1508e+05,1136,6,335
1.1515e+05,1.1635e+05,1193,3,335
1.1647e+05,1.181e+05,1631,5,335
1.1814e+05,1.2e+05,1864,3,335
136,1477,1341,3,336
1522,6977,5455,1,336
7045,10045,3000,5,336
15886,25090,9204,2,336
26022,30703,4681,1,336
30736,32941,2205,3,336
35246,38636,3390,3,336
43359,44745,1386,3,336
44881,50381,5500,5,336
50459,52118,1659,3,336
52386,57210,4824,5,336
57299,59253,1954,3,336
59355,62310,2955,5,336
62411,67934,5523,3,336
68865,76720,7855,3,336
52,5666,5614,3,337
5754,7298,1544,1,337
7350,9052,1702,3,337
11719,12736,1017,3,337
12867,14113,1246,1,337
14218,17201,2983,3,337
17333,19315,1982,1,337
19420,27192,7772,3,337
27245,31561,4316,1,337
31666,56533,24867,3,337
56665,77210,20545,3,337
79894,89996,10102,3,337
90929,91964,1035,1,337
92228,94657,2429,3,337
94719,95771,1052,1,337
96035,98771,2736,3,337
1.0019e+05,1.0708e+05,6887,3,337
1.0723e+05,1.0882e+05,1597,5,337
1.0889e+05,1.2e+05,11107,3,337
56,7420,7364,3,338
7465,10693,3228,1,338
11880,13573,1693,1,338
13664,14970,1306,3,338
15016,19902,4886,2,338
21829,23454,1625,1,338
28129,50691,22562,3,338
574,3444,2870,3,339
3481,5018,1537,1,339
6777,9777,3000,3,339
10425,14500,4075,3,339
15416,16582,1166,3,339
19286,22453,3167,3,339
27536,28999,1463,5,339
29054,39071,10017,3,339
39164,41534,2370,2,339
41581,46537,4956,3,339
50442,52312,1870,3,339
53923,56664,2741,1,339
57240,76568,19328,3,339
77111,78277,1166,1,339
78351,93640,15289,3,339
100,2117,2017,3,341
2294,4411,2117,1,341
4500,10941,6441,4,341
11000,18147,7147,5,341
18323,24705,6382,2,341
24705,31146,6441,1,341
31293,35941,4648,4,341
36043,43960,7917,3,341
1156,5687,4531,1,350
8718,14937,6219,2,350
23500,25562,2062,1,350
25632,27148,1516,4,350
31375,34601,3226,6,350
34827,41609,6782,3,350
41772,43022,1250,1,350
43154,45186,2032,4,350
45256,46834,1578,6,350
46959,50209,3250,3,350
50263,58968,8705,5,350
60259,64600,4341,5,350
65436,67218,1782,6,350
67334,69756,2422,3,350
71671,82120,10449,3,350
37,4629,4592,3,342
4796,8370,3574,1,342
8462,11888,3426,3,342
11999,18185,6186,2,342
18258,19647,1389,5,342
19758,24609,4851,1,342
24703,29203,4500,4,342
29314,33388,4074,2,342
35508,37175,1667,1,342
38148,39148,1000,3,342
39305,41546,2241,4,342
41638,55720,14082,3,342
159,5113,4954,3,343
5159,6295,1136,1,343
6318,7386,1068,3,343
7409,9636,2227,1,343
9681,12204,2523,3,343
14704,15977,1273,3,343
16101,18987,2886,2,343
21600,24646,3046,3,343
24702,27202,2500,1,343
27417,30258,2841,3,343
32984,37484,4500,3,343
37608,40677,3069,1,343
40812,54182,13370,3,343
54372,55962,1590,5,343
56110,64746,8636,3,343
64803,66780,1977,5,343
67318,75120,7802,3,343
40,1797,1757,3,344
1878,7013,5135,1,344
7054,10594,3540,4,344
10641,12695,2054,5,344
15255,25775,10520,3,344
26594,32932,6338,1,344
32972,36999,4027,4,344
37897,39289,1392,5,344
39370,45760,6390,5,344
52,1175,1123,3,345
1210,7947,6737,1,345
7982,12473,4491,2,345
13438,14701,1263,1,345
15587,19218,3631,1,345
20561,24270,3709,4,345
24419,26331,1912,6,345
26419,28472,2053,3,345
28524,36964,8440,6,345
37157,42385,5228,3,345
42542,44525,1983,1,345
44665,47647,2982,4,345
47814,50638,2824,3,345
51656,59705,8049,6,345
60636,64601,3965,3,345
65736,68188,2452,6,345
70389,72880,2491,6,345
73940,75046,1106,1,345
75151,78326,3175,5,345
79256,83571,4315,5,345
89492,92890,3398,3,345
96929,1.0062e+05,3692,6,345
1.0072e+05,1.0426e+05,3544,3,345
1.0443e+05,1.0567e+05,1245,1,345
1.0583e+05,1.1036e+05,4526,4,345
1.1045e+05,1.1943e+05,8972,3,345
68,4977,4909,1,346
9680,11953,2273,3,346
13522,15909,2387,1,346
15977,20090,4113,2,346
20226,25044,4818,1,346
25191,28419,3228,4,346
28589,47926,19337,5,346
48041,53681,5640,3,346
65,2672,2607,3,347
2770,4606,1836,1,347
4622,6901,2279,3,347
6934,9098,2164,1,347
9163,13311,4148,4,347
13425,18327,4902,2,347
18384,23803,5419,1,347
23884,25294,1410,3,347
25312,28689,3377,4,347
28762,31713,2951,5,347
31802,47760,15958,3,347
666,7222,6556,1,348
11000,21259,10259,2,348
23194,27544,4350,1,348
27675,29119,1444,2,348
29203,32332,3129,1,348
32424,34165,1741,4,348
34229,35618,1389,3,348
35710,39414,3704,5,348
39497,40868,1371,3,348
40951,50617,9666,5,348
50793,53608,2815,1,348
53709,54765,1056,3,348
56709,60820,4111,3,348
60903,62792,1889,5,348
62838,63875,1037,3,348
63958,87722,23764,5,348
88629,89759,1130,6,348
90351,96851,6500,3,348
96907,1.03e+05,6093,5,348
1.0311e+05,1.1251e+05,9404,3,348
1.1272e+05,1.1569e+05,2963,5,348
1.1577e+05,1.2e+05,4232,3,348
200,1233,1033,3,349
1300,6699,5399,1,349
7499,11566,4067,2,349
13133,18366,5233,3,349
18500,20366,1866,1,349
20433,24833,4400,2,349
26149,29382,3233,1,349
32648,35881,3233,4,349
36114,42720,6606,3,349
60,3920,3860,3,351
4000,8700,4700,5,351
9100,29080,19980,3,351
29380,31020,1640,4,351
31090,32180,1090,2,351
34025,35220,1195,4,351
35278,37330,2052,5,351
37388,39259,1871,3,351
39960,43778,3818,3,351
46252,49019,2767,3,351
49760,55880,6120,3,351
88,5235,5147,3,360
5294,8823,3529,1,360
8911,10794,1883,5,360
10882,15441,4559,3,360
15529,20411,4882,2,360
20705,28397,7692,3,360
28530,31264,2734,4,360
31545,36045,4500,5,360
36134,39088,2954,3,360
39088,43811,4723,4,360
43929,50958,7029,3,360
51135,53811,2676,5,360
53900,58240,4340,3,360
150,14660,14510,3,352
14860,18520,3660,4,352
18600,21880,3280,3,352
22960,37760,14800,3,352
38500,40040,1540,3,352
44560,46540,1980,3,352
46580,51360,4780,5,352
51440,53040,1600,1,352
53150,58110,4960,3,352
58200,60200,2000,1,352
60350,66280,5930,3,352
68790,71330,2540,3,352
71450,75070,3620,4,352
75130,81910,6780,3,352
82070,91620,9550,5,352
91760,1.023e+05,10540,3,352
1.0368e+05,1.1692e+05,13240,3,352
1.1807e+05,1.2e+05,1930,3,352
70,7982,7912,3,353
8122,15438,7316,1,353
15525,20122,4597,2,353
24543,26534,1991,3,353
26656,30937,4281,4,353
31050,32052,1002,3,353
32164,34199,2035,6,353
34242,42488,8246,3,353
43856,45769,1913,3,353
48014,50365,2351,3,353
50461,52970,2509,5,353
55022,63909,8887,3,353
64947,76974,12027,3,353
78285,81805,3520,3,353
81896,84843,2947,5,353
84887,86378,1491,3,353
86525,89385,2860,5,353
90000,93781,3781,6,353
93913,97334,3421,3,353
97404,1.1044e+05,13037,5,353
1.1058e+05,1.2e+05,9420,3,353
60,1600,1540,3,354
1640,5660,4020,1,354
5740,6820,1080,3,354
7660,11240,3580,4,354
11280,14560,3280,5,354
14590,22210,7620,6,354
23430,32410,8980,3,354
32550,33550,1000,1,354
33580,39472,5892,3,354
41405,46986,5581,3,354
47039,48108,1069,1,354
48531,50545,2014,3,354
51733,52936,1203,3,354
53002,54056,1054,5,354
54143,59873,5730,3,354
59947,61568,1621,1,354
61628,63966,2338,3,354
64019,67033,3014,1,354
67086,73571,6485,3,354
73675,74986,1311,4,354
75837,81202,5365,3,354
81283,84364,3081,5,354
84377,88634,4257,3,354
88715,90215,1500,5,354
90255,96294,6039,3,354
96321,1.0086e+05,4540,5,354
1.0094e+05,1.1952e+05,18585,3,354
37,1666,1629,3,355
1722,5111,3389,1,355
9537,11555,2018,4,355
11629,24810,13181,3,355
29998,35238,5240,3,355
35331,39646,4315,5,355
39738,52529,12791,3,355
52716,53735,1019,1,355
53827,59407,5580,3,355
59456,60808,1352,4,355
60882,68203,7321,3,355
68388,71740,3352,4,355
72037,79592,7555,3,355
79648,82277,2629,5,355
82344,85715,3371,3,355
85775,87294,1519,5,355
87367,96460,9093,3,355
96548,97617,1069,5,355
97640,1.0264e+05,5000,3,355
1.0273e+05,1.0437e+05,1642,5,355
1.0442e+05,1.0622e+05,1802,3,355
1.0626e+05,1.0911e+05,2852,5,355
1.1073e+05,1.127e+05,1972,3,355
1.1275e+05,1.143e+05,1543,6,355
1.1433e+05,1.1554e+05,1210,3,355
1.1612e+05,1.2e+05,3885,3,355
21,3914,3893,3,356
5382,7851,2469,5,356
7936,29164,21228,3,356
29254,30999,1745,4,356
33371,35553,2182,4,356
35701,36913,1212,3,356
37574,38659,1085,3,356
40127,41382,1255,4,356
41998,44424,2426,5,356
44498,54800,10302,3,356
86,5695,5609,3,357
5782,6826,1044,1,357
7000,12826,5826,3,357
13043,17217,4174,4,357
17478,41304,23826,3,357
42346,43694,1348,3,357
43911,46172,2261,2,357
46411,47628,1217,1,357
47738,57477,9739,3,357
57629,63368,5739,5,357
63651,71694,8043,3,357
71781,82520,10739,5,357
82780,1.2e+05,37220,3,357
400,7900,7500,3,358
7999,10116,2117,1,358
10205,18588,8383,3,358
18705,22176,3471,5,358
22279,25073,2794,3,358
25221,28779,3558,5,358
28839,32868,4029,3,358
33103,36662,3559,2,358
38956,46279,7323,2,358
46367,51691,5324,1,358
51897,56221,4324,4,358
56398,58235,1837,6,358
59016,61941,2925,5,358
62176,64647,2471,1,358
64773,67861,3088,4,358
67950,74320,6370,3,358
40,1960,1920,3,359
2020,5440,3420,1,359
5600,9420,3820,4,359
9580,11980,2400,1,359
12140,20180,8040,5,359
20290,37860,17570,3,359
37960,39540,1580,1,359
39730,50470,10740,3,359
51310,52490,1180,1,359
53290,56090,2800,4,359
56180,72960,16780,3,359
73300,74700,1400,1,359
74840,82420,7580,5,359
82520,88580,6060,3,359
88660,90380,1720,5,359
90490,96390,5900,3,359
99110,1.0677e+05,7660,5,359
1.0687e+05,1.0981e+05,2940,3,359
1.1007e+05,1.1225e+05,2180,5,359
1.123e+05,1.2e+05,7700,3,359
60,1580,1520,3,381
1680,4040,2360,1,381
4180,8640,4460,3,381
8720,10380,1660,1,381
10460,21320,10860,2,381
21420,24100,2680,5,381
25370,30430,5060,1,381
30540,37720,7180,3,381
37860,40680,2820,1,381
41350,44550,3200,4,381
44660,48720,4060,5,381
818,4250,3432,1,390
5409,6863,1454,3,390
6931,8568,1637,1,390
9295,20318,11023,2,390
20408,22226,1818,1,390
25810,27433,1623,5,390
27524,35295,7771,3,390
35442,37760,2318,6,390
473,3000,2527,3,382
5333,7842,2509,1,382
7894,13824,5930,3,382
13956,16026,2070,1,382
16736,18771,2035,4,382
18814,22621,3807,3,382
22726,26982,4256,1,382
28191,31998,3807,3,382
32085,33173,1088,1,382
33234,37076,3842,3,382
37164,42880,5716,5,382
43013,46364,3351,3,382
47855,54796,6941,3,382
55983,57685,1702,3,382
57808,61281,3473,2,382
61367,66823,5456,5,382
66877,76105,9228,3,382
76438,78263,1825,4,382
78324,80043,1719,5,382
80157,90480,10323,3,382
37,1296,1259,3,383
1333,3833,2500,1,383
3870,10388,6518,3,383
10471,16518,6047,2,383
16537,20796,4259,1,383
22490,29544,7054,3,383
32063,41760,9697,3,383
117,1264,1147,3,384
1352,3764,2412,1,384
3852,9470,5618,3,384
9529,15000,5471,2,384
15147,16794,1647,5,384
17911,21852,3941,1,384
22190,28690,6500,3,384
28779,32749,3970,5,384
32838,42200,9362,3,384
1054,4662,3608,1,385
6662,8662,2000,3,385
11270,22162,10892,2,385
22635,26553,3918,1,385
26614,29006,2392,3,385
29100,30478,1378,4,385
30525,32998,2473,5,385
33078,37375,4297,6,385
39205,41286,2081,6,385
41413,45319,3906,5,385
46697,49034,2337,3,385
51344,53804,2460,6,385
54202,56878,2676,3,385
59371,64288,4917,5,385
64403,72723,8320,3,385
72880,75177,2297,4,385
75372,87280,11908,3,385
873,5802,4929,1,386
6901,14859,7958,2,386
14929,18056,3127,1,386
18499,20020,1521,3,386
20168,22774,2606,4,386
23690,25816,2126,5,386
26774,33600,6826,3,386
140,12680,12540,3,387
14680,25960,11280,2,387
26020,28740,2720,1,387
28840,31040,2200,3,387
33590,42250,8660,3,387
42370,45870,3500,4,387
45990,53160,7170,3,387
64,1506,1442,3,388
1558,5675,4117,1,388
5740,10415,4675,3,388
10512,17389,6877,2,388
17437,22367,4930,1,388
22454,24350,1896,4,388
24396,41960,17564,3,388
29,1588,1559,3,389
1735,7588,5853,1,389
7647,9029,1382,3,389
9176,18088,8912,2,389
18147,24117,5970,1,389
24206,27235,3029,3,389
27382,30617,3235,4,389
30779,42560,11781,3,389
